  	raio                      período                  T**2/a**3                excentridade
  0.39000000000000001       0.24357569110232991       0.12504764927866352       0.28746488715043644     
  0.71999999999999997       0.61106018931904393       0.12495276799486485        2.2752124348221693E-002
   1.0000000000000000        1.0005002499455882       0.12504584492331736        2.0957476768304124E-002
   1.5200000000000000        1.8744142452120252       0.12509039418695164       0.13058332331251399     
   5.2000000000000002        11.904761902626374       0.12462771789861554        8.5027026421091931E-002
   9.2400000000000002        28.169014079453955       0.12602753051251500        6.8505342559599502E-002
   19.190000000000001        86.956521723531779       0.11846744307391882       0.28527822927591862     
   30.059999999999999        166.66666663676924       0.12783230248865324        1.4141724114190627E-002
   39.530000000000001        249.99999995515387       0.12647640985494857       0.34529030594539117     
