   1.8947267548469447E-002
   1.8797815304164210E-002
   1.8648170699694329E-002
   1.8500177353303407E-002
   1.8359029780418149E-002
   1.8235781523809835E-002
   1.8151006489588745E-002
   1.8138593407095394E-002
   1.8245042543484316E-002
   1.8513676729585787E-002
   1.8945362876485662E-002
   1.9920176938362656E-002
   2.0220733346765996E-002
   2.0342647596916945E-002
   2.0327538308981506E-002
   2.0229244047696181E-002
   2.0088861890169105E-002
   1.9931305374710682E-002
   1.9769599319919125E-002
   1.9609580262786554E-002
   1.9453146740891096E-002
   1.9300188896157956E-002
   1.9000316159932872E-002
   1.8850998866325189E-002
   1.8701330685954552E-002
   1.8552370534588844E-002
   1.8407892941092380E-002
   1.8276506029465914E-002
   1.8174923426555079E-002
   1.8131985406127763E-002
   1.8190450446392718E-002
   1.8398066145271202E-002
   1.8776379703505711E-002
   1.9771085156881477E-002
   2.0135177980679285E-002
   2.0317835792533420E-002
   2.0345078361582929E-002
   2.0270769503811240E-002
   2.0141721278824538E-002
   1.9988274560579670E-002
   1.9827087926535193E-002
   1.9666099939586339E-002
   1.9508329898609747E-002
   1.9354223398290616E-002
   1.9053364306184217E-002
   1.8904125276008262E-002
   1.8754556188525465E-002
   1.8605087264233034E-002
   1.8458337392864777E-002
   1.8320884459844675E-002
   1.8206113135733407E-002
   1.8138118852184869E-002
   1.8154922540682652E-002
   1.8304731653955259E-002
   1.8623525222498188E-002
   1.9604575765101006E-002
   2.0025929592289767E-002
   2.0273154568476798E-002
   2.0349882014233534E-002
   2.0305540775820165E-002
   2.0191623993246480E-002
   2.0044343849674566E-002
   1.9884645088017548E-002
   1.9723048841804924E-002
   1.9563986835797763E-002
   1.9408624928759964E-002
   1.9256501862582810E-002
   1.8957199891253832E-002
   1.8807775061783716E-002
   1.8658112554357537E-002
   1.8509895793728668E-002
   1.8368031137051453E-002
   1.8243080194425582E-002
   1.8154853733439568E-002
   1.8136283491572952E-002
   1.8233282260790448E-002
   1.8490359547506462E-002
   1.8912715240201779E-002
   1.9893783798747795E-002
   2.0206511131369030E-002
   2.0339403615688877E-002
   2.0331678770395385E-002
   2.0237454365173709E-002
   2.0098938076892753E-002
   1.9942016476471328E-002
   1.9780346694453683E-002
   1.9620125593660779E-002
   1.9463441860944296E-002
   1.9310278576845676E-002
   1.9010245464899319E-002
   1.8860948462345074E-002
   1.8711292074086495E-002
   1.8562206550057254E-002
   1.8417231390446796E-002
   1.8284564781734097E-002
   1.8180257117541291E-002
   1.8132231080226772E-002
   1.8182411490501895E-002
   1.8378896217372955E-002
   1.8746410414823774E-002
   1.9741103080326863E-002
   2.0116525470022528E-002
   2.0311053252275772E-002
   2.0347021357811738E-002
   2.0277845043560585E-002
   2.0151318268486530E-002
   1.9998854367410026E-002
   1.9837863808504001E-002
   1.9676729815237572E-002
   1.9518712175538955E-002
   1.9364377743606349E-002
   1.9063298218755079E-002
   1.8914064185922091E-002
   1.8764520720569444E-002
   1.8614995398565509E-002
   1.8467916468842983E-002
   1.8329523301372656E-002
   1.8212634804821014E-002
   1.8140506352229614E-002
   1.8150217271195111E-002
   1.8289720337184068E-002
   1.8597017529601832E-002
   1.9571867758661810E-002
   2.0002885348912185E-002
   2.0262403280851403E-002
   2.0349161492437963E-002
   2.0311151893020130E-002
   2.0200550702268609E-002
   2.0054695813132042E-002
   1.9895408083576975E-002
   1.9733751477079960E-002
   1.9574459343362376E-002
   1.9418853618567697E-002
   1.9266546866355049E-002
   1.8967131178645590E-002
   1.8817733151316164E-002
   1.8668059675730930E-002
   1.8519640353880554E-002
   1.8377104046667779E-002
   1.8250536561592100E-002
   1.8159004064833579E-002
   1.8134484590442691E-002
   1.8222244776853375E-002
   1.8467806956623846E-002
   1.8880496837289564E-002
   1.9866666403071252E-002
   2.0191467914786876E-002
   2.0335532918982206E-002
   2.0335441636700331E-002
   2.0245474844265001E-002
   2.0108937225586064E-002
   1.9952709206265705E-002
   1.9791101927398590E-002
   1.9630687324372693E-002
   1.9473752909421299E-002
   1.9320379569792108E-002
   1.9020174993067789E-002
   1.8870895977940994E-002
   1.8721255072332046E-002
   1.8572059118447851E-002
   1.8426621527568798E-002
   1.8292744729698655E-002
   1.8185834515184192E-002
   1.8132908301418595E-002
   1.8175027874547958E-002
   1.8360510632748763E-002
   1.8717038068102921E-002
   1.9710536758701738E-002
   2.0097040083298854E-002
   2.0303558131457705E-002
   2.0348502173109382E-002
   2.0284673168023657E-002
   2.0160805591113787E-002
   2.0009399650851488E-002
   1.9848640861450158E-002
   1.9687374432932246E-002
   1.9529111217353512E-002
   1.9374545310948621E-002
   1.9073233987281658E-002
   1.8924001341625727E-002
   1.8774484594813089E-002
   1.8624913021093901E-002
   1.8477531660997474E-002
   1.8338253565399500E-002
   1.8219349394897690E-002
   1.8143251456073647E-002
   1.8146089091943464E-002
   1.8275471869478952E-002
   1.8571221494399832E-002
   1.9023291564757509E-002
   1.9979045314675162E-002
   2.0250868860711892E-002
   2.0347888447821514E-002
   2.0316447822952340E-002
   2.0209327162556807E-002
   2.0064992183091629E-002
   1.9906162830945980E-002
   1.9744465778687086E-002
   1.9584948771761243E-002
   1.9429097177135798E-002
   1.9276601510030009E-002
   1.8977061617912711E-002
   1.8827689431040642E-002
   1.8678011259279204E-002
   1.8529409028405285E-002
   1.8386244427532065E-002
   1.8258143239521168E-002
   1.8163445710789827E-002
   1.8133181557061697E-002
   1.8211918717212172E-002
   1.8446026264900345E-002
   1.8848742754761720E-002
   1.9838846669032777E-002
   2.0175598244087944E-002
   2.0331018754922991E-002
   2.0338811673602152E-002
   2.0253295468832432E-002
   2.0118853780978524E-002
   1.9963380872034819E-002
   1.9801863947837374E-002
   1.9641265237161681E-002
   1.9484080086164729E-002
   1.9330492247419968E-002
   1.9030105026343690E-002
   1.8880841423166025E-002
   1.8731219159439105E-002
   1.8581926741992411E-002
   1.8436060133942278E-002
   1.8301039815324528E-002
   1.8191645465200981E-002
   1.8134002722758044E-002
   1.8168285504379805E-002
   1.8342908178432895E-002
   1.8688288325354626E-002
   1.9679418395783764E-002
   2.0076724741496580E-002
   2.0295335721869055E-002
   2.0349504211336970E-002
   2.0291241969454105E-002
   2.0170176288844325E-002
   2.0019906869766971E-002
   1.9859417548400073E-002
   1.9698033335325434E-002
   1.9539527110886811E-002
   1.9384726432062304E-002
   1.9083171948390019E-002
   1.8933936872933124E-002
   1.8784447518076158E-002
   1.8634839048486760E-002
   1.8487180471265716E-002
   1.8347070352471850E-002
   1.8226248326648233E-002
   1.8146341131469880E-002
   1.8142522827523447E-002
   1.8261978551979911E-002
   1.8546152454643888E-002
   1.8989784474976137E-002
   1.9954422571259112E-002
   2.0238540745527563E-002
   2.0346045705612492E-002
   2.0321414754971651E-002
   2.0217944804309596E-002
   2.0075228388603952E-002
   1.9916907211478412E-002
   1.9755190983450618E-002
   1.9595455057979917E-002
   1.9439355873812077E-002
   1.9286666185208301E-002
   1.8986991431986962E-002
   1.8837643790405829E-002
   1.8687966558244277E-002
   1.8539199914901636E-002
   1.8395448371218082E-002
   1.8265893103490471E-002
   1.8168167199554094E-002
   1.8132359340172242E-002
   1.8202292054978694E-002
   1.8425023050591963E-002
   1.8817486459157193E-002
   1.9810348531825131E-002
   2.0158898066258008E-002
   2.0325844613845862E-002
   2.0341773350855123E-002
   2.0260905875853892E-002
   2.0128681941579855E-002
   1.9974028635532590E-002
   1.9812631605510351E-002
   1.9651859073904716E-002
   1.9494423572369416E-002
   1.9340616976068911E-002
   1.9040035858345253E-002
   1.8890784832774607E-002
   1.8741183860747600E-002
   1.8591808007130284E-002
   1.8445544136285328E-002
   1.8309444210502679E-002
   1.8197680114443390E-002
   1.8135500213510264E-002
   1.8162169971547969E-002
   1.8326086262907847E-002
   1.8660184935732554E-002
   1.9647781921923145E-002
   2.0055584156910805E-002
   2.0286371919865206E-002
   2.0350010695553190E-002
   2.0297539180023010E-002
   2.0179423117547300E-002
   2.0030372304612770E-002
   1.9870192232862956E-002
   1.9708706013254217E-002
   1.9549959917948383E-002
   1.9394921428780909E-002
   1.9093112446973790E-002
   1.8943870929016365E-002
   1.8794409234597902E-002
   1.8644772465939114E-002
   1.8496860522047267E-002
   1.8355968961156204E-002
   1.8233323303790603E-002
   1.8149762626276444E-002
   1.8139503247056765E-002
   1.8249231714150656E-002
   1.8521823840110804E-002
   1.8956618630433176E-002
   1.9929032220943051E-002
   2.0225409408416432E-002
   2.0343616105860187E-002
   2.0326038535161194E-002
   2.0226394734347473E-002
   2.0085399644094039E-002
   1.9927638982962837E-002
   1.9765926262395154E-002
   1.9605978106227571E-002
   1.9449629963564256E-002
   1.9296741280163222E-002
   1.8996920858692274E-002
   1.8847596148757622E-002
   1.8697924881406622E-002
   1.8549011210104258E-002
   1.8404712137080271E-002
   1.8273779284189162E-002
   1.8173157362412633E-002
   1.8132003011566030E-002
   1.8193352179478161E-002
   1.8404801219405170E-002
   1.8786759717943840E-002
   1.9781197914330070E-002
   2.0141364808563308E-002
   2.0319994289293535E-002
   2.0344310858413817E-002
   2.0268295351238724E-002
   2.0138415652098819E-002
   1.9984649506554295E-002
   1.9823403667238837E-002
   1.9662468534071775E-002
   1.9504783529455959E-002
   1.9350754115301984E-002
   1.9049967793694403E-002
   1.8900726265124505E-002
   1.8751148746328692E-002
   1.8601701581321049E-002
   1.8455070601584550E-002
   1.8317952310951870E-002
   1.8203928908507045E-002
   1.8137386874896629E-002
   1.8156666608029687E-002
   1.8310040990726785E-002
   1.8632749715220734E-002
   1.9615662903823394E-002
   2.0033624891721863E-002
   2.0276653303073475E-002
   2.0350004698095770E-002
   2.0303552172296895E-002
   2.0188538539567966E-002
   2.0040792051034408E-002
   1.9880963174789656E-002
   1.9719391903392284E-002
   1.9560409674000093E-002
   1.9405130612217259E-002
   1.9253069137081975E-002
   1.8953803677429132E-002
   1.8804369524421851E-002
   1.8654712324479981E-002
   1.8506569551896966E-002
   1.8364944882143058E-002
   1.8240566308365798E-002
   1.8153503475382884E-002
   1.8137015103513857E-002
   1.8237221789688184E-002
   1.8498247202087561E-002
   1.8923832545972411E-002
   1.9902891403338133E-002
   2.0211466442949397E-002
   2.0340582550440509E-002
   2.0330304674277402E-002
   2.0234667730092502E-002
   2.0095500942311526E-002
   1.9938355774787565E-002
   1.9776670717861992E-002
   1.9616517786274476E-002
   1.9459919686028681E-002
   1.9306827179151730E-002
   1.9006850149878875E-002
   1.8857546453953183E-002
   1.8707885590787187E-002
   1.8558841206177117E-002
   1.8414032146750539E-002
   1.8281795161873397E-002
   1.8178405334488307E-002
   1.8132097791242009E-002
   1.8185085962596825E-002
   1.8385363066445479E-002
   1.8756592532091467E-002
   1.9751422686333162E-002
   2.0122997456766375E-002
   2.0313451942566365E-002
   2.0346408125090799E-002
   2.0275452826444305E-002
   2.0148048595958069E-002
   1.9995240337138037E-002
   1.9834178813395515E-002
   1.9673093272757593E-002
   1.9515160097923444E-002
   1.9360904017198241E-002
   1.9059901147344769E-002
   1.8910665801121739E-002
   1.8761113429151006E-002
   1.8611606209994042E-002
   1.8464636732377516E-002
   1.8326558730314423E-002
   1.8210382588931495E-002
   1.8139649054062977E-002
   1.8151760538124562E-002
   1.8294767238352046E-002
   1.8606002536467724E-002
   1.9583098443724061E-002
   2.0010855410223963E-002
   2.0266167209357980E-002
   2.0349469173560029E-002
   2.0309267960824516E-002
   2.0197514716551516E-002
   2.0051162013230199E-002
   1.9891728526136906E-002
   1.9730090385692445E-002
   1.9570876386743385E-002
   1.9415354281965388E-002
   1.9263110934918632E-002
   1.8963735303253567E-002
   1.8814328201958049E-002
   1.8664657738458528E-002
   1.8516305411430612E-002
   1.8373993792544500E-002
   1.8247969595859642E-002
   1.8157551506343728E-002
   1.8135043170208465E-002
   1.8225938391081886E-002
   1.8475432249944256E-002
   1.8891463340800833E-002
   1.9876019301478861E-002
   2.0196704647348854E-002
   2.0336928052868193E-002
   2.0334198357079235E-002
   2.0242754233623227E-002
   2.0105527046885639E-002
   1.9949055082575180E-002
   1.9787423380281055E-002
   1.9627073931662114E-002
   1.9470225264458588E-002
   1.9316924261742023E-002
   1.9016779570647055E-002
   1.8867494681123999E-002
   1.8717848099537363E-002
   1.8568688287204763E-002
   1.8423404978950873E-002
   1.8289934360593240E-002
   1.8183900554855012E-002
   1.8132629070396051E-002
   1.8177479822796709E-002
   1.8366709342209440E-002
   1.8727013079555037E-002
   1.9721052611952800E-002
   2.0103796629730920E-002
   2.0306202170079078E-002
   2.0348048839437076E-002
   2.0282366875666948E-002
   2.0157574187664132E-002
   2.0005797815451584E-002
   1.9844955634022214E-002
   1.9683732898409620E-002
   1.9525553396077241E-002
   1.9371067025543465E-002
   1.9069836243836742E-002
   1.8920603543115797E-002
   1.8771077563288541E-002
   1.8621520713517709E-002
   1.8474239861983759E-002
   1.8335258294043741E-002
   1.8217032189772650E-002
   1.8142273356220713E-002
   1.8147436727515273E-002
   1.8280258731095032E-002
   1.8579961329020671E-002
   1.9550127068796223E-002
   1.9987286124015458E-002
   2.0254901817631493E-002
   2.0348386994661485E-002
   2.0314673204734911E-002
   2.0206343502207319E-002
   2.0061477897003504E-002
   1.9902486326311142E-002
   1.9740800780716116E-002
   1.9581360034639280E-002
   1.9425592725243634E-002
   1.9273162238087584E-002
   1.8973666008270555E-002
   1.8824285114566484E-002
   1.8674607883101598E-002
   1.8526066059286615E-002
   1.8383111550152140E-002
   1.8255525690022555E-002
   1.8161894843852347E-002
   1.8133572274772677E-002
   1.8215370383212453E-002
   1.8453386895421926E-002
   1.8859546636215353E-002
   1.9848437138450761E-002
   2.0181118108895925E-002
   2.0332635791964267E-002
   2.0337704453880050E-002
   2.0250644346443442E-002
   2.0115472485110683E-002
   1.9959734263061447E-002
   1.9798183205179964E-002
   1.9637646338081051E-002
   1.9480546904914155E-002
   1.9327032902364757E-002
   1.9026709398825351E-002
   1.8877440831700829E-002
   1.8727811870101918E-002
   1.8578550925966674E-002
   1.8432827364442642E-002
   1.8298190742409241E-002
   1.8189632765921351E-002
   1.8133582432197072E-002
   1.8170519786503844E-002
   1.8348839321889143E-002
   1.8698047669807615E-002
   1.9690119285778161E-002
   2.0083764650371715E-002
   2.0298230074043837E-002
   2.0349216473522343E-002
   2.0289025714231801E-002
   2.0166985565588356E-002
   2.0016318459921908E-002
   1.9855732625255688E-002
   1.9694386970921594E-002
   1.9535963519080109E-002
   1.9381243475371682E-002
   1.9079773416919125E-002
   1.8930539614175273E-002
   1.8781040842488678E-002
   1.8631443984579284E-002
   1.8483877450219406E-002
   1.8344046033686182E-002
   1.8223869033983282E-002
   1.8145246655225562E-002
   1.8143680029277031E-002
   1.8266508119812570E-002
   1.8554642088150598E-002
   1.9001205733352386E-002
   1.9962929429053068E-002
   2.0242846230378874E-002
   2.0346740991655253E-002
   2.0319754212276390E-002
   2.0215016435898427E-002
   2.0071735203236362E-002
   1.9913234497861108E-002
   1.9751522347217828E-002
   1.9591860565612809E-002
   1.9435846216202181E-002
   1.9283223439307957E-002
   1.8983596010263379E-002
   1.8834240141307381E-002
   1.8684561992270688E-002
   1.8535849558411890E-002
   1.8392294188018278E-002
   1.8263227377579093E-002
   1.8166521912960389E-002
   1.8132587330104130E-002
   1.8205505954377924E-002
   1.8432117301883811E-002
   1.8828116461967685E-002
   1.9820168162094198E-002
   2.0164702286568088E-002
   2.0327689168483116E-002
   2.0340807533944089E-002
   2.0258327824713065E-002
   2.0125331540628781E-002
   1.9970390528727983E-002
   1.9808949069897368E-002
   1.9648234761485976E-002
   1.9490884795145220E-002
   1.9337153469577945E-002
   1.9036639924165086E-002
   1.8887384932175150E-002
   1.8737776412168301E-002
   1.8588427680528020E-002
   1.8442296180873858E-002
   1.8306558401272377E-002
   1.8195592011790999E-002
   1.8134943670061451E-002
   1.8164191546340237E-002
   1.8331750876887584E-002
   1.8669720708691266E-002
   1.9658656057111108E-002
   2.0062905611369943E-002
   2.0289521335469504E-002
   2.0349894308957259E-002
   2.0295417197442142E-002
   2.0176275584331785E-002
   2.0026798612764650E-002
   1.9866508185138038E-002
   1.9705054999133626E-002
   1.9546390537439687E-002
   1.9391433691977263E-002
   1.9089713008710478E-002
   1.8940474156946007E-002
   1.8791002998351850E-002
   1.8641374985223745E-002
   1.8493547078737758E-002
   1.8352917180693196E-002
   1.8230884728923435E-002
   1.8148556102209758E-002
   1.8140475226827379E-002
   1.8253507057522444E-002
   1.8530058893009328E-002
   1.8967918799947480E-002
   1.9937799734187675E-002
   2.0229990556969793E-002
   2.0344513994339068E-002
   2.0324496946053344E-002
   2.0223524735676086E-002
   2.0081929220497625E-002
   1.9923970841338862E-002
   1.9762254278996378E-002
   1.9602377895193333E-002
   1.9446115014755617E-002
   1.9293294927974537E-002
   1.8993525541958257E-002
   1.8844193191352412E-002
   1.8694519355899532E-002
   1.8545654071938245E-002
   1.8401537908622270E-002
   1.8271067702421914E-002
   1.8171421441082598E-002
   1.8132073362860594E-002
   1.8196332685861554E-002
   1.8411627940162840E-002
   1.8797205174669297E-002
   1.9791237619651670E-002
   2.0147454092520421E-002
   2.0322071865166432E-002
   2.0343491880875624E-002
   2.0265794074733223E-002
   2.0135098245690694E-002
   1.9981020941878144E-002
   1.9819719769902017E-002
   1.9658838915969930E-002
   1.9501239103339535E-002
   1.9347286325202367E-002
   1.9046571447460296E-002
   1.8897327032815908E-002
   1.8747741280559220E-002
   1.8598317190823187E-002
   1.8451808447653897E-002
   1.8315031656907257E-002
   1.8201768636075123E-002
   1.8136698804133336E-002
   1.8158480517007136E-002
   1.8315440549149728E-002
   1.8642054674942558E-002
   1.9626697944030699E-002
   2.0041225436201262E-002
   2.0280062290275756E-002
   2.0350065466037758E-002
   2.0301528820659193E-002
   2.0185436807348675E-002
   2.0037234433463450E-002
   1.9877280609387541E-002
   1.9715736438412099E-002
   1.9556834495692697E-002
   1.9401637990150548E-002
   1.9249637477338124E-002
   1.8950407332697768E-002
   1.8800963798754743E-002
   1.8651312744166971E-002
   1.8503246446767319E-002
   1.8361867160643783E-002
   1.8238071161947339E-002
   1.8152189133177662E-002
   1.8137807074409578E-002
   1.8241246275812042E-002
   1.8506223933569488E-002
   1.8934998607987238E-002
   1.9911913481286989E-002
   2.0216325998386037E-002
   2.0341688877961905E-002
   2.0328887030435186E-002
   2.0231859292166858E-002
   2.0092055018025291E-002
   1.9934693030474324E-002
   1.9772995702092174E-002
   1.9612911905018834E-002
   1.9456399365795497E-002
   1.9303377089695196E-002
   1.9003454850403237E-002
   1.8854144202856155E-002
   1.8704479317964779E-002
   1.8555477859735218E-002
   1.8410839078653648E-002
   1.8279039960078340E-002
   1.8176582459395293E-002
   1.8132015539723330E-002
   1.8187837619299346E-002
   1.8391921649106243E-002
   1.8766843386541242E-002
   1.9761672720707387E-002
   2.0129371971107285E-002
   2.0315767910133693E-002
   2.0345741510502221E-002
   2.0273032149435301E-002
   2.0144766373826294E-002
   1.9991622409074830E-002
   1.9830494015466719E-002
   1.9669458471965350E-002
   1.9511609977232246E-002
   1.9357431823925499E-002
   1.9056504280177636E-002
   1.8907267206907864E-002
   1.8757706073768886E-002
   1.8608218175979213E-002
   1.8461361321538399E-002
   1.8323605049148681E-002
   1.8208153279532270E-002
   1.8138834096111278E-002
   1.8153371888325304E-002
   1.8299903626736086E-002
   1.8615070106567440E-002
   1.9594281535995326E-002
   2.0018731933485773E-002
   2.0269840007430467E-002
   2.0349712935712892E-002
   2.0307347720547844E-002
   2.0194461499841661E-002
   2.0047621892385015E-002
   1.9888048087361613E-002
   1.9726430688363383E-002
   1.9567295411166339E-002
   1.9411856673490022E-002
   1.9259676115506760E-002
   1.8960339320611981E-002
   1.8810923046515333E-002
   1.8661256354388773E-002
   1.8512973367081791E-002
   1.8370891587599858E-002
   1.8245420495695754E-002
   1.8156133475176216E-002
   1.8135660334619923E-002
   1.8229715659906366E-002
   1.8483147544771917E-002
   1.8902482766342925E-002
   1.9885289154758019E-002
   2.0201844931560135E-002
   2.0338248612113967E-002
   2.0332909760542233E-002
   2.0240010662812336E-002
   2.0102107438696785E-002
   1.9945398607305154E-002
   1.9783745671975699E-002
   1.9623462441308227E-002
   1.9466699498388904E-002
   1.9313470305821635E-002
   1.9013384196370536E-002
   1.8864093141881182E-002
   1.8714441274481918E-002
   1.8565319274966841E-002
   1.8420194223817417E-002
   1.8287137692009885E-002
   1.8181994303186864E-002
   1.8132399191006298E-002
   1.8180007321251607E-002
   1.8372999699813333E-002
   1.8737059904633993E-002
   1.9731502588269202E-002
   2.0110455974621473E-002
   2.0308761743285324E-002
   2.0347540191080975E-002
   2.0280030745511879E-002
   2.0154329432432262E-002
   2.0002191675300790E-002
   1.9841270428052494E-002
   1.9680093054234057E-002
   1.9521997542963833E-002
   1.9367590312544369E-002
   1.9066438743749112E-002
   1.8917205549672748E-002
   1.8767670432088511E-002
   1.8618129431124293E-002
   1.8470952091691219E-002
   1.8332273331753739E-002
   1.8214736876646098E-002
   1.8141336061730073E-002
   1.8148850674876718E-002
   1.8285134219864527E-002
   1.8588785596837375E-002
   1.9561444885852344E-002
   1.9995434844252709E-002
   2.0258842369021160E-002
   2.0348819614488180E-002
   2.0312860677452072E-002
   2.0203341621687080E-002
   2.0057956764025855E-002
   1.9898808697539530E-002
   1.9737137090233926E-002
   1.9577773272562663E-002
   1.9422090033617372E-002
   1.9269724124172154E-002
   1.8970270316925882E-002
   1.8820880577957382E-002
   1.8671204970639326E-002
   1.8522725761882575E-002
   1.8379986258226007E-002
   1.8252925162768045E-002
   1.8160377150827568E-002
   1.8134019812785316E-002
   1.8218904322038033E-002
   1.8460838247499767E-002
   1.8870407419203667E-002
   1.9857947281021977E-002
   2.0186540993491618E-002
   2.0334176312836835E-002
   2.0336550112801954E-002
   2.0247969066156595E-002
   2.0112081091467879E-002
   1.9956084976684579E-002
   1.9794503170150676E-002
   1.9634029312881024E-002
   1.9477015624557566E-002
   1.9323574952578755E-002
   1.9023313853374343E-002
   1.8874040000957007E-002
   1.8724404671235262E-002
   1.8575176760413838E-002
   1.8429600023411222E-002
   1.8295354679509060E-002
   1.8187646611216524E-002
   1.8133209831983823E-002
   1.8172827945395105E-002
   1.8354861863887375E-002
   1.8707881681690953E-002
   1.9700758198828199E-002
   2.0090707835538714E-002
   2.0301038285727650E-002
   2.0348871465861711E-002
   2.0286778201134562E-002
   2.0163780655119496E-002
   2.0012725317703178E-002
   1.9852047536306126E-002
   1.9690742239453999E-002
   1.9532401903676142E-002
   1.9377762129107464E-002
   1.9076375168783927E-002
   1.8927142177142926E-002
   1.8777634035825358E-002
   1.8628049824478642E-002
   1.8480578175111992E-002
   1.8341031466382773E-002
   1.8221510651960711E-002
   1.8144191481830010E-002
   1.8144901763173366E-002
   1.8271125338091207E-002
   1.8563217800811320E-002
   1.9012665326380847E-002
   1.9971345882237843E-002
   2.0247058152359096E-002
   2.0347368342509040E-002
   2.0318054119000391E-002
   2.0212068820438901E-002
   2.0068234620069694E-002
   1.9909560402904834E-002
   1.9747854924159047E-002
   1.9588268038346762E-002
   1.9432338349172608E-002
   1.9279781896874799E-002
   1.8980200533952381E-002
   1.8830836261356048E-002
   1.8681157806891523E-002
   1.8532501658773758E-002
   1.8389147146171240E-002
   1.8260577860493784E-002
   1.8164908482097206E-002
   1.8132870389244750E-002
   1.8208800673906358E-002
   1.8439302797009647E-002
   1.8838807150401010E-002
   1.9829910417967420E-002
   2.0170409164892340E-002
   2.0329455298383248E-002
   2.0339792757733309E-002
   2.0255724376885244E-002
   2.0121970344040840E-002
   1.9966749400938889E-002
   1.9805267100959454E-002
   1.9644612289385792E-002
   1.9487347938328604E-002
   1.9333691400497378E-002
   1.9033244107050963E-002
