          59         -25
          50          16
        -122          88
          44          94
         -87          61
          46         -56
         -24          28
           0          84
          96         -48
         116         -42
          -4         -22
          -3         191
         -20        -120
         -23          93
          36          88
          79        -111
          55          65
         157          25
          18         -34
         -26        -138
        -105          67
         -23        -101
          39          39
         -54         -80
         -34         -44
        -150           4
        -113           7
         -93         113
          47          53
         -47          21
          79          13
          77         -37
         -29          77
          61          73
         120         -58
         180          -8
          61          11
          43         -13
          52         -56
          76          22
          -9          -5
        -130          98
          36          28
         -66         -32
          29          31
          -7         -51
          21          -5
          51         -21
         102         100
         -51         -11
          90           4
         123          35
         -51          23
          26          70
         -68         104
           1          95
        -160         -52
         -95         -29
          71          17
          93          29
           1        -275
          -3         -41
         123          25
         -11         -65
        -142          28
         -35         -73
          33         -37
          49        -109
          45         -33
         -21         -51
         -66          28
          25          11
        -100          -8
          42         -54
         -67           5
         -92          64
        -142          72
          -7          29
          42         -80
           6          76
          93          43
        -181         -21
         178          72
         -37          37
          27          75
          28          98
         -36          14
          35          57
          36          10
         -20          66
         -41         -37
          43          19
         -76           4
         -20          92
           2         -70
          18          82
         -61          43
          -1         -67
         -82          64
          -4         -68
          47           7
         -55         -65
         -71         -31
         -46         -90
         100          24
          59         -81
          35         -25
          28         -30
          60         -94
         -34          32
         -17         -97
          33        -185
        -131          45
         -49         -11
         178         -10
         -41         101
          20         -34
         -74        -132
          74          44
          54         150
         125        -111
          72         -28
          20          68
        -117           9
         -15         -43
         -11          85
         -64          78
          -3          99
          72        -114
          -4           8
         -72          32
         -19        -213
         -50          16
         -47         -53
         -80          30
          88         110
         -70         142
          53         -65
          23          -7
          60          50
          76         -54
        -103         -75
         -15          57
         -18          30
        -143         -47
          88          72
         -56          42
        -108          30
         -78         -80
          23         157
          -9          13
          -5         -47
          24         -84
          11         -13
          16         -32
         -48         -52
          20        -102
        -128          68
          19          87
         -47          23
        -102         104
        -149          91
         -81         -39
         143          47
        -127          27
         -17         -21
         119         -37
        -110          60
          -4         -22
           0         -34
           5         -11
          88         -46
          20          38
         -40         126
          51          69
          33         -97
         -38         -96
         -71         -77
        -166         112
          30           4
         -26          20
          20         -26
          33          11
          86          32
          32          22
         -56          94
          -1          75
          -6          16
          -4        -182
         -13          21
         -38          24
         -50        -112
          24           8
          21          87
         -64        -108
         124         -62
          17          21
         -46         -96
        -134          50
        -125         -53
        -115          -3
          12         -68
          16         -48
         -59         -29
          83          99
         -63          95
          48         164
          -6         -26
         -25         -75
          27        -131
        -108           4
         112          12
         -60          58
          34           4
           3          71
         -27          65
          -6          30
         -17         -35
          32         -32
         171          29
         -38         -52
         -59         141
         -14        -168
         -80         -76
          50          36
         -45         -27
          46          60
         -24          72
          95         -23
          70         -16
          64        -122
          -5          19
         -41         -77
          25         139
          -3          17
          22          94
        -108          48
          20          58
         -96          -6
         -13          33
         -47         -43
         -55         -47
          24          48
          49          29
        -103         115
        -150          70
          27          81
         -61         -79
         -12          10
          67         115
         -10        -106
         -20         -16
         -38         -44
         -34           4
          23          11
        -146         -78
          65          23
         -18          94
          96         102
          77         -17
         -13           5
         -98         -52
          31         -41
         -47          29
          53         -27
         -75         123
          97        -123
         -19          61
         -32         -98
         -87         -43
           1          21
         -76          14
         -89         -21
         -10          48
         -25         -21
          68          20
         -23         -27
          51         -79
         -69          -3
          -5         -51
         -80        -126
         137          35
          15         -19
        -115        -145
         -49          53
         -90         -86
        -126          68
        -129          57
          54        -100
          -5          21
         -82         -58
         -75         -73
         103          37
         -20         -92
         -72          20
           3          55
         -53         -63
         -15         -21
          20        -276
        -159          19
          13         -71
         -33         105
        -110          72
         -35          53
          35         111
          29         -39
         -22          90
         103         -81
         -89         -73
          60         -56
         -44         -16
          -8         -46
        -125           1
         -58         166
         -86          28
         156          10
          35          33
        -133          37
          -2          36
         -11         -79
          38        -120
         -63          47
         -54         -10
         -22         126
           4         -66
         -97        -117
         -37          15
        -164          72
         -15         109
          -5         -39
           3         -63
         -91          17
         -69        -143
           9          47
          55         -25
          28         -52
         -32          -8
          60          -6
         -90          -4
         -93          57
          -5         -97
          80         -40
           0         -70
         -49         -59
         100          82
         -53          79
         -32          24
          49         -33
         -40          92
         -37         -39
          -6          10
          26        -154
         -86           2
        -174          34
         -17        -181
          25         -27
         130          -2
         -97         -39
         -72        -142
          79          41
          30          30
           8         -12
          64        -156
          22          58
         -78          74
          64           2
          39         -17
          49         -69
          61          69
          32         -10
          11          17
          47        -139
        -102          -8
         123         -47
         -90         -86
         -78         -64
         -27          15
         -22         -38
         148         -70
           4          66
          10          38
          -9         -55
         -36        -148
         -15         -21
          95           5
          77         -57
         -62          30
           8        -168
         148          -6
         151          89
         154           6
         100         -94
         -78        -146
         -93         -89
          97          -3
          76         -96
         -72         -74
          34         118
          86         -14
         103          -1
           3        -131
          90          36
         -52          86
          50         112
          55        -107
         -28         -38
          24         -86
         -70        -146
          19          91
          40          66
         -44         -74
          35         -43
        -121          45
          58          14
          57          63
         -12         200
          18         -12
          66          22
         112           4
         -78         176
          85         -19
         122         -84
          65         -19
          30         -72
         -64         -34
         -15          65
         -65         -25
          20        -108
          17          49
         -19          11
         -31         -27
        -173          27
         -46        -178
          12         -64
          39          75
          34           6
           8          26
         -75          19
          64          -2
         -92          32
         193         -35
          46         -68
         -50        -140
          76          72
          32          78
         103          43
         -22         -54
          23         -27
         -71        -127
         -49         -79
          36         -58
          12        -102
          69           9
         -14         -72
          95         167
         -10         -60
          35         -57
        -104          22
         -13          -5
         -74         -80
         -89         -79
          14         106
        -118          42
         142         -32
          37          39
         133           7
         143          -9
          81         101
         -79          49
        -116          16
         -45         -43
          37          61
          -3          -3
          34          48
        -127         -13
          11          29
         -36         -48
          77         -49
           3         -65
         -29          73
         -41          61
         -30         -28
         -23         131
          14          74
          75        -103
           1         -47
          13          19
          83          -5
          81          71
         -30         -14
         -49          43
          -6         -16
          58         -12
         -56         110
          57           3
         108          46
          22          52
        -274         -70
         -84         -88
        -125         -31
         -77         -45
          20          52
         -16         -56
          56           8
         -89         -61
         -44         -76
           4        -126
          13          45
          18         -26
         -69         -67
          -3          41
          48         -18
         -44          16
          -3         -33
          88        -138
          67         223
        -126           2
         -70        -110
         -31          31
         142        -100
          43         -87
           0           0
         -71          33
          -4          58
           2         -84
          63        -157
        -209         111
          35          57
         -12         -66
         -12        -100
         -75          91
         -95         -27
         116          30
         119         -27
         -37          89
         -91        -103
          17          11
         -34          38
          14         104
         -75         -67
          22          12
           8         -50
         107          -7
          -2         -76
         -43         -83
          70          26
         -26          48
           5          27
          49          85
          53         -27
         -79          77
        -125        -137
          26        -144
         -26         -80
         -39           3
          31         -37
          88          -8
         -69        -113
          47          41
          81         125
         -21         -99
           5          21
          55         -77
         154          -4
           1         -15
         -82         -92
          69          35
           3         -41
          37          -3
         -23         -59
         -53         -15
         -54          -8
         -22          22
        -109         -81
          55        -119
         -54         -74
         -41        -101
           5        -101
         -13         -11
          -5         -15
          -3         -15
         104         -10
         -27         -73
         -62          28
          10         -60
         172          10
         -17           1
         119          49
         -28          82
          26         -90
          74         -46
          17         -61
          51          29
         118          90
          60          90
           5         119
         -50         -30
         -10          16
          14          -8
         112         100
         -14          48
         -50         112
          82         -32
         -69         -25
           3           7
        -115          85
          27          51
         -84          34
          63         103
          70          42
          66          10
         -50           2
        -110         144
         136         -10
         -70         -46
         -35         -55
         -15        -165
          65         -53
         -32         -80
           8          40
         -11         -43
           9         -29
        -150         110
           5         -25
         -58        -100
          14          16
         -56          36
         -17          59
          64         -14
           4        -142
          36         -16
          11           5
        -113          11
         -10         -76
          83         -69
         -11          21
           0          22
          93          71
         -26          20
          50         -80
         -53         -53
          47          85
          71         -79
          71          29
         174        -112
         -67         -35
        -134           8
         155         107
          39          11
         -20          58
          31         -21
           3         -89
          -2          60
          20          10
          78         -18
         -62          26
          -4          22
         -25         143
          82         -96
           0          26
         -19          15
           4          82
        -121          23
         -38         -48
          16          50
           5          11
          39          17
          93          33
          49          23
          -7         -25
           7        -159
          38         -38
          96          64
         -57         -15
          25          99
         161          69
          86         -54
         148         174
         157         109
         -66          46
         -73         -67
        -132         -32
         -43          53
         -45         -41
         -77          53
         -28         -20
        -121         -19
           3          23
         -77         -11
          -6         130
          36        -102
         -27           7
          39          35
          19          33
          36         -44
        -104         -24
         118         -28
         -61          35
           6          44
         -67          75
         -27          17
          49         -49
         -53         -67
           7         107
         127          -1
         -59         -33
           0           6
         176           2
          63         -57
          15        -133
         199          -9
          15         -59
         120          72
         -40          44
         113           5
         -60          54
          57         -55
         160         -72
          23         -31
         -20          14
          41         -25
          75          29
          75          99
          66          64
         -43         127
          85          39
         -33         -55
          23          59
          83         -91
          20         -82
          66           8
          28         -12
          68         128
         -27          29
         -71         -25
         130         -72
         -68         116
          16          74
         -55          11
          11         177
         -30           6
          90         112
          92          14
        -124          66
          -6          20
         104          20
          -1          75
          37          21
         -23          37
         -54         108
          55          -5
         -18         -18
         -38         -56
         -75         -13
          53          21
        -170         -10
          10        -106
        -240          74
         -58          72
          -5          87
          14         -24
         -23          57
          55         -77
         -50         -92
        -180          34
         -14         142
          31          -3
          -3           7
          47         137
          20         -96
          94         -38
         -54          50
         -91         161
          44         -12
         -69         -11
         -25         107
         -12          72
         119         -61
          21           9
          74          48
         -34        -212
         -39         -39
         -59          -9
          23         -15
         -53          35
         -70          56
          80           2
         -98         -58
         -24          -2
         103         -23
         -21          43
          54         -42
          49          81
         -57          91
         168           6
         135           5
         -35        -105
          79           1
          -5          29
         -52          28
         126          44
         -21         -45
         -37          -5
         114         118
         -55        -181
          -5          17
        -143          51
         -82          44
          36        -164
           6           4
         -67          25
         102         116
           3         -49
         112         -26
         -47          47
         143          23
          19          15
          42         -26
          11          31
          63          67
         -61         -63
          62        -132
          38         -18
          62          48
         125         -27
          30         110
         -32           4
         -29         -99
          82         114
         -79         -79
         -21          55
          97          19
         -70         -68
           9         -11
          53          -7
           1         -81
          71        -107
         -42         -60
         -97        -155
          58         -24
         -26         -46
          38          84
         -73           7
          10        -156
          -4         -72
           9          53
          53         -25
         -97           3
          77          93
          19          17
          84         -40
         -62         -62
         136         -68
          41           9
           4          20
         -94          50
         -26         140
         -29        -117
         -21          61
          50          20
         -11           3
          24         -16
           0          56
          71          37
         141          -7
         -92         -86
         -23          93
         127          79
          12          64
          19         -45
         -48          46
          36        -100
          61         -47
         125         109
         -32         -68
         -15         -21
         -62         -32
          85         129
          48        -170
          78        -116
           6          -6
           8         100
         -88          32
          91        -121
         -57           1
         -37          41
           4         -74
         -81         -35
          21         -27
          60          36
          32         -30
         -11          47
         -43         -85
          80          84
          75         173
         136         116
          48          -6
         -81        -111
          34         -16
          85         129
         -76        -246
         -62         -98
         -17          63
          45          59
         114         124
         -90          26
         -20         -52
        -104          32
         -20         -30
         -29          53
         -73         131
          31          63
          71         -97
          31         -43
          40         -50
         -93         161
           9        -111
          22          18
         107        -107
         -82          16
         -43           3
          -9         109
          44         -40
         -16         -36
         229         -83
         100         -40
         -47         -11
         -66           2
          38          64
         -70          38
          16         -12
         103          33
        -116        -100
          -6          38
          76         -90
         121          67
         -35         109
          -2         -52
        -111         -47
          46         -64
         -69         -73
         -28         -38
         104          48
         -41          63
         -92         -22
        -130          62
          22         -60
         -37           1
         -85           7
         -57          39
         -28          68
          38         134
          54         -10
          33          19
         -44         -68
          42         164
         -37          17
         -53          37
         -48          16
        -117         125
         -64           6
          56          20
         -29          21
         -65         -19
         -42         100
          12          44
         -62          86
         -99          91
          42           6
         -55          55
           5        -119
         -38        -100
          -1         -53
          40          -6
         -84         -80
         -99         113
          -9          71
          34         -50
         -25         -71
           0          38
         -13         -57
          -1         -51
          -6         -92
          47         145
          77          21
        -113         -79
          95         -81
          -8          32
         -12          62
          64           4
         -10         116
         -19         -95
         -87          87
         -21         -45
          21         119
         -19         -23
          15         -45
         -19          -3
          41         -29
           4          60
