         178         200
         269          37
        -533          79
         720          24
         -24         132
          30         296
          39        -631
        -359         143
         123         451
        -222          62
         123        -353
          47        -129
          75          51
        -114          42
        -334         132
        -147        -139
        -328         176
         -88          22
          65          83
        -271        -241
         -82         -22
         134         206
           1         -53
        -135         203
        -261         299
          -5         -27
        -190        -166
        -177         -99
        -388        -242
        -350        -452
         -49         111
        -276         170
        -415          17
        -220        -180
          13         -61
        -192        -458
         291         -31
          14        -354
         367        -293
         407        -393
         131        -117
          91         395
         176        -236
        -260         -86
         281        -337
          32        -236
         148         240
         -78         -10
         143         159
        -349          37
        -184        -352
          68         -86
        -165        -235
        -141         139
         243         -45
         -65        -273
         198        -334
        -291        -503
         294         -78
         391         299
         -87         425
         -37        -213
        -196        -132
         113         -91
         283          19
         121          63
          21         181
         595         295
        -599          69
          -5          31
         298        -208
         567         -37
         392         164
          98         434
          85         479
        -486          46
        -103          85
         101         325
        -171        -265
         315         137
         -61        -117
         381         223
         198        -142
          59        -439
           6         -42
          83          13
         268         178
         276        -270
         -73         -53
         355         301
        -259         -69
          63         -19
         160           6
          92        -118
        -413          27
        -160         502
        -306         410
        -177        -257
         130         -96
         -94         142
          29         -77
          52        -188
         -62         -56
         -42         220
         -61           3
        -303         397
        -183         153
         -57          49
        -464         -86
         162        -232
         233        -109
        -320         108
         299          63
          30          34
         276           6
           0        -230
         -30          74
          37         117
        -287          45
          74        -144
          70        -156
        -366        -298
         152         -22
        -163          -1
         194         114
         273         -97
          25         -91
        -139         199
        -164           6
         -30        -198
        -119        -281
         298        -252
        -227        -415
         133        -457
          86         212
         210          70
          98        -282
         -88         202
        -321        -171
          68        -166
          62         -62
         219         317
         305          71
         244         146
         143         233
         263         329
        -188         266
          99         197
        -268         358
         145         111
         -38         154
         145         119
        -344         -22
          38         -82
        -244          24
         403         175
         368          68
         -32         204
        -161        -119
        -122        -236
         304         146
        -493         -51
           7         197
         390        -332
          35         357
         138        -144
         109         151
         101          23
        -456        -118
          86         -16
         244        -172
          52        -174
          73        -413
         166        -104
         508         -24
        -284          -6
        -421         381
          41        -207
         147         133
        -198          66
        -253        -121
         476         -88
        -168          -2
        -209          -5
        -127          71
         107         111
        -131        -341
         -11         -43
         104        -182
         290         -22
         -38          -4
         165         331
        -502        -222
         278         146
         270         -88
        -277         503
        -121        -467
         -75         157
        -131         183
         -21         477
         322        -232
         304        -200
         157         383
          -5         297
        -155        -185
         299        -159
         203         131
        -102         152
         210         222
         150        -108
        -219         183
          39         173
        -115         157
         138         -28
        -402         108
         215         159
         -45        -233
         106         192
          39        -349
         181         -51
        -300        -152
        -235         251
         -38         126
        -175        -339
         117         -47
         -20        -272
          80         486
         -57        -159
         -69         403
        -204         -26
           7        -417
        -364        -222
         -99          39
         150        -158
          32         242
        -536         -36
         299        -285
         -16        -192
         139         -77
         113        -211
         -10        -102
        -243          67
          87        -343
         218         498
         230         248
         255          39
        -163          89
        -185         -99
         215        -131
          36          66
         236        -228
         289         139
          87          49
        -167         371
         -25        -239
         -26         -28
        -301         459
         345         445
         167        -121
         151         -75
        -150         114
         114          40
         269          87
        -174        -298
        -135        -185
          17          53
        -268        -454
        -230          -8
        -183          61
         155        -273
        -204        -264
        -126           8
          93        -145
         139          27
        -186        -170
        -479        -433
         257         417
         261          65
          63         -47
        -120        -436
         128         182
          54          52
         -26         708
          53        -221
        -204          74
          20         198
        -147        -175
        -194        -260
         267          83
         413        -285
         412        -212
         -18          78
          26          48
         221        -107
          23        -131
         163        -361
         132          18
         660        -172
          88         584
          -8         120
        -197          51
          31         329
        -238          50
         380         -94
         132         270
          81         -43
         221         307
         202        -166
          58         242
         -15          61
        -252        -192
        -343        -177
         -55          39
          67          17
          32        -152
        -118        -212
         -61           7
        -102           6
        -460        -142
        -350        -308
         -17        -337
        -130        -398
        -527          73
        -127        -159
        -153         129
         162         -22
        -305          97
         170        -190
          20        -118
          93         -79
          -6         -86
        -321        -219
        -259         147
         -53        -105
          99          11
         248        -402
         -52        -152
         146        -172
        -167         307
        -312        -290
        -178        -280
        -294         -98
          69          49
        -330          98
        -225        -437
          46         130
         244         218
           1        -311
        -115        -183
        -230         282
         252        -764
        -298        -280
         140        -264
        -324        -176
         -66        -138
          20        -364
        -336          26
         205          47
         348         130
          20          20
          29          33
        -200         172
          13         433
         270         406
         396        -140
         431         187
         701         -17
         268         176
         199          -5
        -315        -219
        -168         -48
        -303          47
         -83         129
          54          62
         -89         151
         -71         -85
          83         101
          33        -155
          81        -359
         122          26
        -602        -196
          54         -88
        -341        -105
          26         142
         110         -30
         -19         427
         103        -359
         108        -122
          62        -148
         109         171
         158         202
           3        -155
         112         268
        -152         -62
         115         -35
        -189        -213
         -13          79
         222         280
         151         -45
          12         -74
         -12         218
         316        -158
        -130          58
        -223         -19
        -197         535
         169         129
         258         264
        -210        -284
         135         -19
        -102        -152
         -23           9
        -120        -148
         175        -239
         -41         409
         285          21
          42        -418
         303         425
         -96         262
        -187          19
        -271        -477
        -153         121
        -157        -135
        -116          22
        -317        -111
          78        -280
          35        -477
         439           3
        -135         277
         282          -6
         -45        -181
          71         171
         148         382
          82          70
         234         206
          49        -149
         369        -249
         440         142
         314         -78
        -356        -278
          62         -40
        -233         631
        -386         -88
         -81        -143
         -33          93
        -104          64
          -6          32
          52         356
         434         148
         293          93
          52         138
        -337         -43
        -236        -218
        -190          -4
        -372         -20
         210          -8
         -44          18
        -182          80
        -104        -328
         241         371
           2        -274
        -392         334
          28        -188
        -185         261
         124          84
         141          57
          72        -208
           7         -27
         -48          30
        -344        -412
         406         -92
          98        -534
        -354          28
         -84         474
         274          44
        -151         -49
         511         383
         -42          16
          26        -512
        -379         -95
         366         214
        -255        -423
          46         412
        -370          -2
         -19        -125
        -122          -2
        -175           7
         -54          26
         559         515
        -310        -238
        -369        -143
          23        -273
         -65         157
         -34         214
         109         -29
        -172         -16
          43         231
         127           1
         158        -198
        -405        -287
          17        -605
         110          14
         175         147
         491         -31
        -377         -81
         -51         -77
         157        -193
         367         203
        -180         344
         126          94
        -336        -330
         -36         -50
         365         479
        -298         302
        -231          -9
        -650         226
         116         106
         296         320
          29         247
         143         433
        -151         -93
         389         -65
        -281        -113
        -141        -155
         214         -18
          29          43
          69         359
        -187          13
         115        -147
         319         -27
          -1         325
          15        -497
         165        -413
          41          65
           8        -530
         -73         283
         124          -8
         100        -388
        -268        -140
         116        -276
        -444         180
          -7         109
         276          84
         456         108
        -251          65
         420         -90
        -338        -182
         -56          50
        -300          90
           1        -131
         321         183
         189          79
          19        -241
         241         -85
         -50         340
        -150        -202
        -127          41
         -99        -341
        -116        -306
        -120          12
         106         -36
        -175        -211
         -14         -90
        -319        -439
         -64          -6
          55          31
          70         108
         -19         187
        -265         157
         -73          71
        -308          60
         153          49
          -6         390
         195         -17
         199        -475
        -167          -1
        -210        -176
        -364          12
         -40        -110
        -114           6
        -295        -197
          81         481
         228        -168
         249         -51
         417         147
        -125          69
         -79        -239
        -164         -28
         -61          97
         -57          -7
          18        -156
          24         122
        -276         322
         209        -181
         -58        -174
         173        -333
        -199        -151
         190        -142
         446          64
         285        -175
        -269         113
         136          98
        -218        -392
          43        -229
        -493         -91
        -312          28
        -152         -36
        -427         221
         404         -12
          35          67
         -87        -359
         -94        -278
        -353         -31
          28        -154
         364          74
          88        -134
         316         -38
         -36         412
        -496        -104
         -56          98
         333        -333
        -277         133
         -30         352
         -36         -84
         -23         285
         107         -91
         -51         115
        -369         -89
         156        -424
           8        -226
        -400         176
        -160          80
         118         312
         -90          86
        -454         166
         232         374
         -28         408
          -5        -261
         206         -56
         108           4
        -520         114
          37          59
        -124         -42
        -152         224
          -1         301
         -38         136
         381         117
         -35        -101
        -109         233
        -380         -88
        -138         218
           1        -161
         200         130
        -134        -168
        -270         320
        -579        -145
        -122        -102
        -258        -166
        -149         -45
        -217        -201
         101        -405
          85         317
         -41        -325
        -213         -81
         246          50
        -149         343
        -161         461
         198        -146
        -136         140
         -54         360
        -122         378
        -239         -65
         -47          75
         228        -150
         137        -123
        -167         231
        -358        -178
         -17        -487
          91          -9
        -166        -314
           4         238
        -240           4
          84        -322
        -270         156
         -17          93
         386          64
        -144         340
         267         -35
         104         378
        -110         -12
          92        -192
         -14         116
          -8         -92
         -24        -126
          65        -355
         -53        -125
        -281          99
         -51         149
         299         187
        -146          26
         129        -221
        -141         303
        -197          39
         145          27
         -52        -234
         143        -349
        -299         257
         387         105
         179         157
           9         181
        -147         -67
        -135          -1
        -428         214
         368          66
          84          70
        -197         -19
          66         334
        -158        -156
         176         -46
          45         149
        -128         184
         -42         -34
         385         175
          16         288
         -20          58
         510         138
          45          95
        -505         189
         -70        -178
          47         215
         247        -223
         -14         252
           5          81
        -634        -414
          14         232
          41         131
        -366        -166
         170        -246
          33         -51
         -36          32
        -158        -114
         146         238
         -24        -582
          43         -95
         110        -134
        -126        -226
         -52          10
          -8          -8
         -53          11
          14          -6
          52        -606
          40         290
        -125        -145
         314         136
         323         -23
        -233         557
         -31          95
         -64        -280
         379        -303
        -279         -67
        -134         -34
          61           3
          73         -15
         -12        -182
         195        -195
          83        -291
         375        -247
         -15        -315
          -5         225
         208          48
        -220         368
         293          -7
         210        -230
         109        -193
           3        -257
         313        -555
         270        -202
          97         271
          36         126
          74        -212
         357         539
         331          99
          86         584
        -615         229
          71        -197
         380         -64
        -140          16
         255         107
          50         114
         353        -179
         100        -166
         138        -380
         131          21
         283         377
         122         108
         324        -188
        -189          21
        -168        -222
        -250        -384
          55         103
         301         -51
          53         309
        -197         -91
          31         -15
        -139         203
        -358         -88
        -418         -94
          39          97
        -205         403
          40         162
        -343        -117
        -208         180
         230        -198
         110         -68
        -340        -194
         340          58
         101        -123
        -140         -50
          73         137
         147         345
          20         176
         -19          47
        -313         149
         455         217
        -179          49
        -449          21
        -249         283
        -178          40
        -262         -68
          30         -34
         -41        -497
        -271         181
          13         -35
         546         538
         -49         191
        -276        -142
        -273        -251
        -364         154
         113          97
        -106        -260
          21         203
          57         295
         -33        -287
         108          98
         -91          15
         100        -296
         226        -344
         -19         -65
          66         196
        -192         -22
        -253         243
         294         108
         153        -225
         -70         182
         178        -184
         324          40
          59         -25
          -6        -158
         168         -86
         -95         -87
        -307        -145
        -256        -226
          49        -147
        -186        -322
         113         -47
        -322        -164
         107        -225
         144         524
         -99         111
           3         209
        -180         -42
         439        -141
        -199        -103
        -213         117
           9        -473
         159           5
        -161        -137
        -340         222
         373         411
         -78         136
         187        -133
        -191         163
          12           2
        -249         195
         140          50
        -130         238
         544         250
         327        -109
         109          11
        -228          84
        -118          74
         224        -138
         269          55
        -567         105
         131         179
         -77         133
        -230        -310
         281          19
         -57        -107
          25        -315
        -140         -60
         176          78
           9         289
          91         277
         387          81
          94         114
           8          56
        -192        -362
         283        -197
         161        -331
         -60        -148
         305         -69
         -82          82
         -89        -357
        -136          42
         -24         -66
        -119        -229
          41          87
        -273          37
          12         278
        -184         430
         539         -65
          77         -79
          74        -148
        -253          79
         142          36
          97          25
        -115           1
        -200           8
         165        -245
          80          46
        -314        -150
         -62         -22
        -194        -204
        -231          55
        -180        -174
          58         156
         -52         216
         387        -225
         460        -240
         179         235
          79          19
        -171        -309
         -15         -49
         332         -68
        -263         341
         146         -64
         176           0
         134         284
         314        -382
         -62          36
        -101         -59
         116          68
          67         307
          70          86
         -19         -99
        -163         175
         158         262
         139          79
         118         -62
        -309         175
        -217        -311
        -451         351
        -427         -23
        -274         556
          53         -75
        -143         225
        -285         153
        -116        -258
         142          66
        -350        -298
         -59         -77
         229          23
          19         103
         408         158
         297         287
        -126         202
         269        -281
        -205          41
         -19         115
        -105        -181
        -196          86
         112        -298
         133         -15
         -47        -197
         225         207
         160        -228
          91         131
        -215          55
        -452          70
         325        -217
        -410         -30
        -205         427
          14        -302
         -57        -323
         -11         205
         100         302
         395          35
        -158        -216
         107          91
        -295         -87
