   3.99999991E-02  -3.46006663E-03
   7.99999982E-02  -6.31253235E-03
  0.119999997      -8.56576581E-03
  0.159999996      -1.02293007E-02
  0.199999988      -1.13137960E-02
  0.239999980      -1.18309949E-02
  0.279999971      -1.17936851E-02
  0.319999963      -1.12156551E-02
  0.359999955      -1.01116495E-02
  0.399999946      -8.49732570E-03
  0.439999938      -6.38920814E-03
  0.479999930      -3.80464108E-03
  0.519999921      -7.61743868E-04
  0.559999943       2.72063981E-03
  0.599999964       6.62298594E-03
  0.639999986       1.09251430E-02
  0.680000007       1.56063791E-02
  0.720000029       2.06454284E-02
  0.760000050       2.60205474E-02
  0.800000072       3.17095555E-02
  0.840000093       3.76898944E-02
  0.880000114       4.39386703E-02
  0.920000136       5.04327044E-02
  0.960000157       5.71485870E-02
   1.00000012       6.40627220E-02
   1.04000008       7.11513832E-02
   1.08000004       7.83907399E-02
   1.12000000       8.57569426E-02
   1.15999997       9.32261348E-02
   1.19999993      0.100774519    
   1.23999989      0.108378403    
   1.27999985      0.116014227    
   1.31999981      0.123658642    
   1.35999978      0.131288514    
   1.39999974      0.138881013    
   1.43999970      0.146413594    
   1.47999966      0.153864101    
   1.51999962      0.161210775    
   1.55999959      0.168432280    
   1.59999955      0.175507754    
   1.63999951      0.182416871    
   1.67999947      0.189139843    
   1.71999943      0.195657447    
   1.75999939      0.201951072    
   1.79999936      0.208002761    
   1.83999932      0.213795200    
   1.87999928      0.219311804    
   1.91999924      0.224536657    
   1.95999920      0.229454622    
   1.99999917      0.234051287    
   2.03999925      0.238313049    
   2.07999921      0.242227048    
   2.11999917      0.245781273    
   2.15999913      0.248964489    
   2.19999909      0.251766294    
   2.23999906      0.254177123    
   2.27999902      0.256188244    
   2.31999898      0.257791728    
   2.35999894      0.258980483    
   2.39999890      0.259748280    
   2.43999887      0.260089666    
   2.47999883      0.260000020    
   2.51999879      0.259475529    
   2.55999875      0.258513153    
   2.59999871      0.257110685    
   2.63999867      0.255266637    
   2.67999864      0.252980262    
   2.71999860      0.250251591    
   2.75999856      0.247081324    
   2.79999852      0.243470877    
   2.83999848      0.239422351    
   2.87999845      0.234938473    
   2.91999841      0.230022624    
   2.95999837      0.224678770    
   2.99999833      0.218911484    
   3.03999829      0.212725893    
   3.07999825      0.206127673    
   3.11999822      0.199123025    
   3.15999818      0.191718623    
   3.19999814      0.183921680    
   3.23999810      0.175739810    
   3.27999806      0.167181104    
   3.31999803      0.158254087    
   3.35999799      0.148967654    
   3.39999795      0.139331132    
   3.43999791      0.129354224    
   3.47999787      0.119046971    
   3.51999784      0.108419806    
   3.55999780       9.74834934E-02
   3.59999776       8.62491354E-02
   3.63999772       7.47281685E-02
   3.67999768       6.29323572E-02
   3.71999764       5.08737713E-02
   3.75999761       3.85648087E-02
   3.79999757       2.60181762E-02
   3.83999753       1.32468920E-02
   3.87999749       2.64279544E-04
   3.91999745      -1.29160173E-02
   3.95999742      -2.62800530E-02
   3.99999738      -3.98135707E-02
   4.03999758      -5.35020046E-02
   4.07999754      -6.73304722E-02
   4.11999750      -8.12837929E-02
   4.15999746      -9.53464657E-02
   4.19999743     -0.109502688    
   4.23999739     -0.123736344    
   4.27999735     -0.138031006    
   4.31999731     -0.152369961    
   4.35999727     -0.166736186    
   4.39999723     -0.181112364    
   4.43999720     -0.195480928    
   4.47999716     -0.209824011    
   4.51999712     -0.224123508    
   4.55999708     -0.238361076    
   4.59999704     -0.252518117    
   4.63999701     -0.266575903    
   4.67999697     -0.280515462    
   4.71999693     -0.294317693    
   4.75999689     -0.307963371    
   4.79999685     -0.321433216    
   4.83999681     -0.334707856    
   4.87999678     -0.347767919    
   4.91999674     -0.360594064    
   4.95999670     -0.373167038    
   4.99999666     -0.385467649    
   5.03999662     -0.397476941    
   5.07999659     -0.409176171    
   5.11999655     -0.420546800    
   5.15999651     -0.431570709    
   5.19999647     -0.442230105    
   5.23999643     -0.452507645    
   5.27999640     -0.462386519    
   5.31999636     -0.471850425    
   5.35999632     -0.480883718    
   5.39999628     -0.489471406    
   5.43999624     -0.497599244    
   5.47999620     -0.505253732    
   5.51999617     -0.512422204    
   5.55999613     -0.519092917    
   5.59999609     -0.525255024    
   5.63999605     -0.530898690    
   5.67999601     -0.536014974    
   5.71999598     -0.540596068    
   5.75999594     -0.544635177    
   5.79999590     -0.548126578    
   5.83999586     -0.551065683    
   5.87999582     -0.553449035    
   5.91999578     -0.555274248    
   5.95999575     -0.556540072    
   5.99999571     -0.557246387    
   6.03999567     -0.557394087    
   6.07999563     -0.556985199    
   6.11999559     -0.556022763    
   6.15999556     -0.554510891    
   6.19999552     -0.552454591    
   6.23999548     -0.549859881    
   6.27999544     -0.546733618    
   6.31999540     -0.543083549    
   6.35999537     -0.538918197    
   6.39999533     -0.534246802    
   6.43999529     -0.529079258    
   6.47999525     -0.523426116    
   6.51999521     -0.517298460    
   6.55999517     -0.510707855    
   6.59999514     -0.503666282    
   6.63999510     -0.496186137    
   6.67999506     -0.488280058    
   6.71999502     -0.479960918    
   6.75999498     -0.471241772    
   6.79999495     -0.462135822    
   6.83999491     -0.452656269    
   6.87999487     -0.442816377    
   6.91999483     -0.432629347    
   6.95999479     -0.422108293    
   6.99999475     -0.411266208    
   7.03999472     -0.400115877    
   7.07999468     -0.388669908    
   7.11999464     -0.376940668    
   7.15999460     -0.364940256    
   7.19999456     -0.352680504    
   7.23999453     -0.340172887    
   7.27999449     -0.327428579    
   7.31999445     -0.314458460    
   7.35999441     -0.301273018    
   7.39999437     -0.287882417    
   7.43999434     -0.274296522    
   7.47999430     -0.260524780    
   7.51999426     -0.246576369    
   7.55999422     -0.232460126    
   7.59999418     -0.218184590    
   7.63999414     -0.203758016    
   7.67999411     -0.189188376    
   7.71999407     -0.174483404    
   7.75999403     -0.159650609    
   7.79999399     -0.144697309    
   7.83999395     -0.129630640    
   7.87999392     -0.114457615    
   7.91999388      -9.91851166E-02
   7.95999384      -8.38199630E-02
   7.99999380      -6.83689192E-02
   8.03999424      -5.28387353E-02
   8.07999420      -3.72361913E-02
   8.11999416      -2.15681195E-02
   8.15999413      -5.84143959E-03
   8.19999409       9.93680581E-03
   8.23999405       2.57594194E-02
   8.27999401       4.16190177E-02
   8.31999397       5.75079918E-02
   8.35999393       7.34184831E-02
   8.39999390       8.93423483E-02
   8.43999386      0.105271138    
   8.47999382      0.121196069    
   8.51999378      0.137107983    
   8.55999374      0.152997360    
   8.59999371      0.168854237    
   8.63999367      0.184668273    
   8.67999363      0.200428665    
   8.71999359      0.216124147    
   8.75999355      0.231743008    
   8.79999352      0.247273073    
   8.83999348      0.262701690    
   8.87999344      0.278015703    
   8.91999340      0.293201566    
   8.95999336      0.308245212    
   8.99999332      0.323132187    
   9.03999329      0.337847561    
   9.07999325      0.352376014    
   9.11999321      0.366701871    
   9.15999317      0.380809069    
   9.19999313      0.394681275    
   9.23999310      0.408301890    
   9.27999306      0.421654046    
   9.31999302      0.434720725    
   9.35999298      0.447484761    
   9.39999294      0.459928930    
   9.43999290      0.472035974    
   9.47999287      0.483788729    
   9.51999283      0.495170116    
   9.55999279      0.506163239    
   9.59999275      0.516751528    
   9.63999271      0.526918650    
   9.67999268      0.536648691    
   9.71999264      0.545926213    
   9.75999260      0.554736435    
   9.79999256      0.563065052    
   9.83999252      0.570898533    
   9.87999249      0.578224123    
   9.91999245      0.585029840    
   9.95999241      0.591304660    
   9.99999237      0.597038507    
   10.0399923      0.602222323    
   10.0799923      0.606848121    
   10.1199923      0.610908985    
   10.1599922      0.614399135    
   10.1999922      0.617314041    
   10.2399921      0.619650304    
   10.2799921      0.621405780    
   10.3199921      0.622579575    
   10.3599920      0.623171926    
   10.3999920      0.623184443    
   10.4399920      0.622619808    
   10.4799919      0.621481955    
   10.5199919      0.619775951    
   10.5599918      0.617508054    
   10.5999918      0.614685535    
   10.6399918      0.611316741    
   10.6799917      0.607410967    
   10.7199917      0.602978408    
   10.7599916      0.598030210    
   10.7999916      0.592578173    
   10.8399916      0.586634874    
   10.8799915      0.580213547    
   10.9199915      0.573327959    
   10.9599915      0.565992415    
   10.9999914      0.558221579    
   11.0399914      0.550030470    
   11.0799913      0.541434348    
   11.1199913      0.532448649    
   11.1599913      0.523088992    
   11.1999912      0.513370872    
   11.2399912      0.503309965    
   11.2799911      0.492921650    
   11.3199911      0.482221276    
   11.3599911      0.471223950    
   11.3999910      0.459944516    
   11.4399910      0.448397517    
   11.4799910      0.436597109    
   11.5199909      0.424557120    
   11.5599909      0.412290871    
   11.5999908      0.399811327    
   11.6399908      0.387130886    
   11.6799908      0.374261528    
   11.7199907      0.361214697    
   11.7599907      0.348001301    
   11.7999907      0.334631771    
   11.8399906      0.321115971    
   11.8799906      0.307463318    
   11.9199905      0.293682665    
   11.9599905      0.279782385    
   11.9999905      0.265770346    
   12.0399904      0.251653999    
   12.0799904      0.237440288    
   12.1199903      0.223135784    
   12.1599903      0.208746642    
   12.1999903      0.194278657    
   12.2399902      0.179737270    
   12.2799902      0.165127620    
   12.3199902      0.150454581    
   12.3599901      0.135722771    
   12.3999901      0.120936610    
   12.4399900      0.106100336    
   12.4799900       9.12180543E-02
   12.5199900       7.62937814E-02
   12.5599899       6.13314584E-02
   12.5999899       4.63350192E-02
   12.6399899       3.13084014E-02
   12.6799898       1.62555948E-02
   12.7199898       1.18067581E-03
   12.7599897      -1.39121572E-02
   12.7999897      -2.90185474E-02
   12.8399897      -4.41339463E-02
   12.8799896      -5.92535809E-02
   12.9199896      -7.43724182E-02
   12.9599895      -8.94851387E-02
   12.9999895     -0.104586110    
   13.0399895     -0.119669341    
   13.0799894     -0.134728491    
   13.1199894     -0.149756804    
   13.1599894     -0.164747119    
   13.1999893     -0.179691836    
   13.2399893     -0.194582894    
   13.2799892     -0.209411785    
   13.3199892     -0.224169523    
   13.3599892     -0.238846630    
   13.3999891     -0.253433108    
   13.4399891     -0.267918527    
   13.4799891     -0.282291889    
   13.5199890     -0.296541780    
   13.5599890     -0.310656279    
   13.5999889     -0.324622989    
   13.6399889     -0.338429064    
   13.6799889     -0.352061212    
   13.7199888     -0.365505785    
   13.7599888     -0.378748745    
   13.7999887     -0.391775668    
   13.8399887     -0.404571861    
   13.8799887     -0.417122334    
   13.9199886     -0.429411918    
   13.9599886     -0.441425204    
   13.9999886     -0.453146726    
   14.0399885     -0.464560866    
   14.0799885     -0.475652069    
   14.1199884     -0.486404806    
   14.1599884     -0.496803641    
   14.1999884     -0.506833315    
   14.2399883     -0.516478837    
   14.2799883     -0.525725484    
   14.3199883     -0.534558892    
   14.3599882     -0.542965233    
   14.3999882     -0.550931156    
   14.4399881     -0.558443844    
   14.4799881     -0.565491199    
   14.5199881     -0.572061777    
   14.5599880     -0.578144968    
   14.5999880     -0.583730876    
   14.6399879     -0.588810623    
   14.6799879     -0.593376160    
   14.7199879     -0.597420454    
   14.7599878     -0.600937545    
   14.7999878     -0.603922427    
   14.8399878     -0.606371164    
   14.8799877     -0.608281016    
   14.9199877     -0.609650254    
   14.9599876     -0.610478342    
   14.9999876     -0.610765815    
   15.0399876     -0.610514283    
   15.0799875     -0.609726548    
   15.1199875     -0.608406365    
   15.1599874     -0.606558681    
   15.1999874     -0.604189336    
   15.2399874     -0.601305187    
   15.2799873     -0.597914040    
   15.3199873     -0.594024599    
   15.3599873     -0.589646339    
   15.3999872     -0.584789574    
   15.4399872     -0.579465210    
   15.4799871     -0.573684931    
   15.5199871     -0.567460954    
   15.5599871     -0.560805917    
   15.5999870     -0.553732991    
   15.6399870     -0.546255648    
   15.6799870     -0.538387775    
   15.7199869     -0.530143321    
   15.7599869     -0.521536529    
   15.7999868     -0.512581646    
   15.8399868     -0.503293037    
   15.8799868     -0.493684977    
   15.9199867     -0.483771652    
   15.9599867     -0.473567158    
   15.9999866     -0.463085324    
   16.0399876     -0.452339768    
   16.0799885     -0.441343844    
   16.1199894     -0.430110574    
   16.1599903     -0.418652594    
   16.1999912     -0.406982183    
   16.2399921     -0.395111173    
   16.2799931     -0.383050978    
   16.3199940     -0.370812565    
   16.3599949     -0.358406454    
   16.3999958     -0.345842630    
   16.4399967     -0.333130628    
   16.4799976     -0.320279509    
   16.5199986     -0.307297856    
   16.5599995     -0.294193774    
   16.6000004     -0.280974895    
   16.6400013     -0.267648399    
   16.6800022     -0.254221052    
   16.7200031     -0.240699187    
   16.7600040     -0.227088735    
   16.8000050     -0.213395253    
   16.8400059     -0.199623942    
   16.8800068     -0.185779691    
   16.9200077     -0.171867087    
   16.9600086     -0.157890439    
   17.0000095     -0.143853843    
   17.0400105     -0.129761189    
   17.0800114     -0.115616165    
   17.1200123     -0.101422347    
   17.1600132      -8.71832073E-02
   17.2000141      -7.29021281E-02
   17.2400150      -5.85824661E-02
   17.2800159      -4.42275889E-02
   17.3200169      -2.98408717E-02
   17.3600178      -1.54257724E-02
   17.4000187      -9.85856168E-04
   17.4400196       1.34752011E-02
   17.4800205       2.79535446E-02
   17.5200214       4.24451232E-02
   17.5600224       5.69456443E-02
   17.6000233       7.14505836E-02
   17.6400242       8.59551206E-02
   17.6800251      0.100454107    
   17.7200260      0.114942089    
   17.7600269      0.129413232    
   17.8000278      0.143861294    
   17.8400288      0.158279672    
   17.8800297      0.172661334    
   17.9200306      0.186998770    
   17.9600315      0.201284081    
   18.0000324      0.215508863    
   18.0400333      0.229664236    
   18.0800343      0.243740886    
   18.1200352      0.257728994    
   18.1600361      0.271618277    
   18.2000370      0.285397977    
   18.2400379      0.299056858    
   18.2800388      0.312583268    
   18.3200397      0.325965077    
   18.3600407      0.339189738    
   18.4000416      0.352244318    
   18.4400425      0.365115523    
   18.4800434      0.377789676    
   18.5200443      0.390252829    
   18.5600452      0.402490735    
   18.6000462      0.414488912    
   18.6400471      0.426232696    
   18.6800480      0.437707245    
   18.7200489      0.448897690    
   18.7600498      0.459789068    
   18.8000507      0.470366418    
   18.8400517      0.480614871    
   18.8800526      0.490519702    
   18.9200535      0.500066340    
   18.9600544      0.509240568    
   19.0000553      0.518028378    
   19.0400562      0.526416123    
   19.0800571      0.534390688    
   19.1200581      0.541939497    
   19.1600590      0.549050450    
   19.2000599      0.555712104    
   19.2400608      0.561913729    
   19.2800617      0.567645371    
   19.3200626      0.572897792    
   19.3600636      0.577662706    
   19.4000645      0.581932604    
   19.4400654      0.585700989    
   19.4800663      0.588962257    
   19.5200672      0.591711938    
   19.5600681      0.593946397    
   19.6000690      0.595663190    
   19.6400700      0.596860766    
   19.6800709      0.597538769    
   19.7200718      0.597697854    
   19.7600727      0.597339690    
   19.8000736      0.596466899    
   19.8400745      0.595083237    
   19.8800755      0.593193412    
   19.9200764      0.590803027    
   19.9600773      0.587918639    
   20.0000782      0.584547639    
   20.0400791      0.580698192    
   20.0800800      0.576379359    
   20.1200809      0.571600854    
   20.1600819      0.566372991    
   20.2000828      0.560706735    
   20.2400837      0.554613590    
   20.2800846      0.548105478    
   20.3200855      0.541194797    
   20.3600864      0.533894241    
   20.4000874      0.526216745    
   20.4400883      0.518175483    
   20.4800892      0.509783804    
   20.5200901      0.501055121    
   20.5600910      0.492002875    
   20.6000919      0.482640475    
   20.6400928      0.472981215    
   20.6800938      0.463038325    
   20.7200947      0.452824771    
   20.7600956      0.442353368    
   20.8000965      0.431636602    
   20.8400974      0.420686722    
   20.8800983      0.409515589    
   20.9200993      0.398134708    
   20.9601002      0.386555254    
   21.0001011      0.374787927    
   21.0401020      0.362843066    
   21.0801029      0.350730538    
   21.1201038      0.338459790    
   21.1601048      0.326039821    
   21.2001057      0.313479185    
   21.2401066      0.300785959    
   21.2801075      0.287967861    
   21.3201084      0.275032103    
   21.3601093      0.261985511    
   21.4001102      0.248834506    
   21.4401112      0.235585138    
   21.4801121      0.222243071    
   21.5201130      0.208813637    
   21.5601139      0.195301861    
   21.6001148      0.181712449    
   21.6401157      0.168049857    
   21.6801167      0.154318288    
   21.7201176      0.140521735    
   21.7601185      0.126664013    
   21.8001194      0.112748787    
   21.8401203       9.87796038E-02
   21.8801212       8.47599283E-02
   21.9201221       7.06931800E-02
   21.9601231       5.65827340E-02
   22.0001240       4.24319915E-02
   22.0401249       2.82444116E-02
   22.0801258       1.40235098E-02
   22.1201267      -2.27079727E-04
   22.1601276      -1.45035647E-02
   22.2001286      -2.88020056E-02
   22.2401295      -4.31182459E-02
   22.2801304      -5.74478880E-02
   22.3201313      -7.17862919E-02
   22.3601322      -8.61285254E-02
   22.4001331     -0.100469321    
   22.4401340     -0.114803106    
   22.4801350     -0.129123926    
   22.5201359     -0.143425450    
   22.5601368     -0.157700941    
   22.6001377     -0.171943247    
   22.6401386     -0.186144784    
   22.6801395     -0.200297520    
   22.7201405     -0.214392975    
   22.7601414     -0.228422210    
   22.8001423     -0.242375791    
   22.8401432     -0.256243855    
   22.8801441     -0.270016044    
   22.9201450     -0.283681512    
   22.9601460     -0.297229022    
   23.0001469     -0.310646862    
   23.0401478     -0.323922873    
   23.0801487     -0.337044507    
   23.1201496     -0.349998832    
   23.1601505     -0.362772524    
   23.2001514     -0.375351965    
   23.2401524     -0.387723178    
   23.2801533     -0.399871945    
   23.3201542     -0.411783844    
   23.3601551     -0.423444271    
   23.4001560     -0.434838414    
   23.4401569     -0.445951462    
   23.4801579     -0.456768513    
   23.5201588     -0.467274696    
   23.5601597     -0.477455199    
   23.6001606     -0.487295389    
   23.6401615     -0.496780813    
   23.6801624     -0.505897224    
   23.7201633     -0.514630795    
   23.7601643     -0.522967994    
   23.8001652     -0.530895710    
   23.8401661     -0.538401484    
   23.8801670     -0.545473278    
   23.9201679     -0.552099705    
   23.9601688     -0.558270156    
   24.0001698     -0.563974679    
   24.0401707     -0.569204152    
   24.0801716     -0.573950291    
   24.1201725     -0.578205585    
   24.1601734     -0.581963658    
   24.2001743     -0.585218847    
   24.2401752     -0.587966621    
   24.2801762     -0.590203464    
   24.3201771     -0.591926754    
   24.3601780     -0.593135059    
   24.4001789     -0.593827903    
   24.4401798     -0.594005823    
   24.4801807     -0.593670368    
   24.5201817     -0.592824221    
   24.5601826     -0.591470897    
   24.6001835     -0.589614987    
   24.6401844     -0.587262034    
   24.6801853     -0.584418356    
   24.7201862     -0.581091225    
   24.7601871     -0.577288687    
   24.8001881     -0.573019564    
   24.8401890     -0.568293393    
   24.8801899     -0.563120306    
   24.9201908     -0.557511091    
   24.9601917     -0.551477015    
   25.0001926     -0.545029819    
   25.0401936     -0.538181663    
   25.0801945     -0.530945003    
   25.1201954     -0.523332596    
   25.1601963     -0.515357435    
   25.2001972     -0.507032633    
   25.2401981     -0.498371363    
   25.2801991     -0.489386857    
   25.3202000     -0.480092347    
   25.3602009     -0.470500946    
   25.4002018     -0.460625648    
   25.4402027     -0.450479269    
   25.4802036     -0.440074444    
   25.5202045     -0.429423481    
   25.5602055     -0.418538481    
   25.6002064     -0.407431155    
   25.6402073     -0.396112889    
   25.6802082     -0.384594679    
   25.7202091     -0.372887135    
   25.7602100     -0.361000478    
   25.8002110     -0.348944485    
   25.8402119     -0.336728483    
   25.8802128     -0.324361384    
   25.9202137     -0.311851680    
   25.9602146     -0.299207419    
   26.0002155     -0.286436200    
   26.0402164     -0.273545235    
   26.0802174     -0.260541320    
   26.1202183     -0.247430861    
   26.1602192     -0.234219864    
   26.2002201     -0.220914006    
   26.2402210     -0.207518607    
   26.2802219     -0.194038689    
   26.3202229     -0.180478990    
   26.3602238     -0.166843995    
   26.4002247     -0.153137922    
   26.4402256     -0.139364809    
   26.4802265     -0.125528514    
   26.5202274     -0.111632757    
   26.5602283      -9.76811498E-02
   26.6002293      -8.36772025E-02
   26.6402302      -6.96243867E-02
   26.6802311      -5.55261783E-02
   26.7202320      -4.13860604E-02
   26.7602329      -2.72075385E-02
   26.8002338      -1.29942400E-02
   26.8402348       1.25010964E-03
   26.8802357       1.55216586E-02
   26.9202366       2.98163388E-02
   26.9602375       4.41298932E-02
   27.0002384       5.84578663E-02
   27.0402393       7.27954730E-02
   27.0802402       8.71376991E-02
   27.1202412      0.101479158    
   27.1602421      0.115814149    
   27.2002430      0.130136639    
   27.2402439      0.144440159    
   27.2802448      0.158717871    
   27.3202457      0.172962531    
   27.3602467      0.187166408    
   27.4002476      0.201321363    
   27.4402485      0.215418831    
   27.4802494      0.229449704    
   27.5202503      0.243404478    
   27.5602512      0.257273167    
   27.6002522      0.271045297    
   27.6402531      0.284709960    
   27.6802540      0.298255801    
   27.7202549      0.311670959    
   27.7602558      0.324943215    
   27.8002567      0.338059962    
   27.8402576      0.351008087    
   27.8802586      0.363774240    
   27.9202595      0.376344711    
   27.9602604      0.388705432    
   28.0002613      0.400842130    
   28.0402622      0.412740350    
   28.0802631      0.424385369    
   28.1202641      0.435762346    
   28.1602650      0.446856469    
   28.2002659      0.457652748    
   28.2402668      0.468136281    
   28.2802677      0.478292316    
   28.3202686      0.488106132    
   28.3602695      0.497563243    
   28.4002705      0.506649494    
   28.4402714      0.515350997    
   28.4802723      0.523654282    
   28.5202732      0.531546354    
   28.5602741      0.539014637    
   28.6002750      0.546047211    
   28.6402760      0.552632809    
   28.6802769      0.558760762    
   28.7202778      0.564421237    
   28.7602787      0.569605172    
   28.8002796      0.574304342    
   28.8402805      0.578511417    
   28.8802814      0.582220018    
   28.9202824      0.585424721    
   28.9602833      0.588120997    
   29.0002842      0.590305448    
   29.0402851      0.591975629    
   29.0802860      0.593130112    
   29.1202869      0.593768597    
   29.1602879      0.593891680    
   29.2002888      0.593501151    
   29.2402897      0.592599690    
   29.2802906      0.591190994    
   29.3202915      0.589279771    
   29.3602924      0.586871564    
   29.4002934      0.583972871    
   29.4402943      0.580591083    
   29.4802952      0.576734304    
   29.5202961      0.572411478    
   29.5602970      0.567632198    
   29.6002979      0.562406719    
   29.6402988      0.556745827    
   29.6802998      0.550660908    
   29.7203007      0.544163704    
   29.7603016      0.537266433    
   29.8003025      0.529981673    
   29.8403034      0.522322118    
   29.8803043      0.514300823    
   29.9203053      0.505930960    
   29.9603062      0.497225672    
   30.0003071      0.488198221    
   30.0403080      0.478861839    
   30.0803089      0.469229639    
   30.1203098      0.459314585    
   30.1603107      0.449129522    
   30.2003117      0.438687027    
   30.2403126      0.427999407    
   30.2803135      0.417078733    
   30.3203144      0.405936658    
   30.3603153      0.394584566    
   30.4003162      0.383033395    
   30.4403172      0.371293753    
   30.4803181      0.359375775    
   30.5203190      0.347289205    
   30.5603199      0.335043341    
   30.6003208      0.322647065    
   30.6403217      0.310108811    
   30.6803226      0.297436595    
   30.7203236      0.284637988    
   30.7603245      0.271720141    
   30.8003254      0.258689821    
   30.8403263      0.245553389    
   30.8803272      0.232316837    
   30.9203281      0.218985796    
   30.9603291      0.205565602    
   31.0003300      0.192061231    
   31.0403309      0.178477407    
   31.0803318      0.164818570    
   31.1203327      0.151088968    
   31.1603336      0.137292624    
   31.2003345      0.123433389    
   31.2403355      0.109514996    
   31.2803364       9.55410600E-02
   31.3203373       8.15151036E-02
   31.3603382       6.74406365E-02
   31.4003391       5.33211417E-02
   31.4403400       3.91601101E-02
   31.4803410       2.49611214E-02
   31.5203419       1.07278246E-02
   31.5603428      -3.53603531E-03
   31.6003437      -1.78265162E-02
   31.6403446      -3.21395174E-02
   31.6803455      -4.64707538E-02
   31.7203465      -6.08156472E-02
   31.7603474      -7.51693770E-02
   31.8003483      -8.95268619E-02
   31.8403492     -0.103882641    
   31.8803501     -0.118230931    
   31.9203510     -0.132565618    
   31.9603519     -0.146880150    
   32.0003510     -0.161167592    
   32.0403519     -0.175420582    
   32.0803528     -0.189631328    
   32.1203537     -0.203791618    
   32.1603546     -0.217892736    
   32.2003555     -0.231925517    
   32.2403564     -0.245880380    
   32.2803574     -0.259747177    
   32.3203583     -0.273515373    
   32.3603592     -0.287173986    
   32.4003601     -0.300711483    
   32.4403610     -0.314115971    
   32.4803619     -0.327375144    
   32.5203629     -0.340476245    
   32.5603638     -0.353406161    
   32.6003647     -0.366151422    
   32.6403656     -0.378698230    
   32.6803665     -0.391032457    
   32.7203674     -0.403139830    
   32.7603683     -0.415005744    
   32.8003693     -0.426615477    
   32.8403702     -0.437954187    
   32.8803711     -0.449006945    
   32.9203720     -0.459758788    
   32.9603729     -0.470194876    
   33.0003738     -0.480300337    
   33.0403748     -0.490060568    
   33.0803757     -0.499461085    
   33.1203766     -0.508487701    
   33.1603775     -0.517126679    
   33.2003784     -0.525364518    
   33.2403793     -0.533188283    
   33.2803802     -0.540585577    
   33.3203812     -0.547544539    
   33.3603821     -0.554053962    
   33.4003830     -0.560103416    
   33.4403839     -0.565683126    
   33.4803848     -0.570784152    
   33.5203857     -0.575398505    
   33.5603867     -0.579518974    
   33.6003876     -0.583139300    
   33.6403885     -0.586254239    
   33.6803894     -0.588859439    
   33.7203903     -0.590951681    
   33.7603912     -0.592528760    
   33.8003922     -0.593589485    
   33.8403931     -0.594133615    
   33.8803940     -0.594162107    
   33.9203949     -0.593676805    
   33.9603958     -0.592680573    
   34.0003967     -0.591177404    
   34.0403976     -0.589172125    
   34.0803986     -0.586670458    
   34.1203995     -0.583679140    
   34.1604004     -0.580205679    
   34.2004013     -0.576258361    
   34.2404022     -0.571846247    
   34.2804031     -0.566979051    
   34.3204041     -0.561667144    
   34.3604050     -0.555921555    
   34.4004059     -0.549753666    
   34.4404068     -0.543175399    
   34.4804077     -0.536199033    
   34.5204086     -0.528837144    
   34.5604095     -0.521102607    
   34.6004105     -0.513008475    
   34.6404114     -0.504567921    
   34.6804123     -0.495794207    
   34.7204132     -0.486700594    
   34.7604141     -0.477300286    
   34.8004150     -0.467606395    
   34.8404160     -0.457631916    
   34.8804169     -0.447389632    
   34.9204178     -0.436892092    
   34.9604187     -0.426151603    
   35.0004196     -0.415180176    
   35.0404205     -0.403989434    
   35.0804214     -0.392590672    
   35.1204224     -0.380994827    
   35.1604233     -0.369212389    
   35.2004242     -0.357253462    
   35.2404251     -0.345127732    
   35.2804260     -0.332844406    
   35.3204269     -0.320412308    
   35.3604279     -0.307839811    
   35.4004288     -0.295134842    
   35.4404297     -0.282304913    
   35.4804306     -0.269357115    
   35.5204315     -0.256298125    
   35.5604324     -0.243134245    
   35.6004333     -0.229871422    
   35.6404343     -0.216515228    
   35.6804352     -0.203070924    
   35.7204361     -0.189543456    
   35.7604370     -0.175937489    
   35.8004379     -0.162257448    
   35.8404388     -0.148507521    
   35.8804398     -0.134691700    
   35.9204407     -0.120813832    
   35.9604416     -0.106877618    
   36.0004425      -9.28866342E-02
   36.0404434      -7.88444281E-02
   36.0804443      -6.47544935E-02
   36.1204453      -5.06202988E-02
   36.1604462      -3.64453755E-02
   36.2004471      -2.22333074E-02
   36.2404480      -7.98773579E-03
   36.2804489       6.28751516E-03
   36.3204498       2.05885023E-02
   36.3604507       3.49111035E-02
   36.4004517       4.92509454E-02
   36.4404526       6.36034235E-02
   36.4804535       7.79636875E-02
   36.5204544       9.23265442E-02
   36.5604553      0.106686495    
   36.6004562      0.121037714    
   36.6404572      0.135373965    
   36.6804581      0.149688631    
   36.7204590      0.163974747    
   36.7604599      0.178224817    
   36.8004608      0.192430988    
   36.8404617      0.206584945    
   36.8804626      0.220677882    
   36.9204636      0.234700561    
   36.9604645      0.248643279    
   37.0004654      0.262495816    
   37.0404663      0.276247561    
   37.0804672      0.289887369    
   37.1204681      0.303403705    
   37.1604691      0.316784590    
   37.2004700      0.330017567    
   37.2404709      0.343089849    
   37.2804718      0.355988264    
   37.3204727      0.368699223    
   37.3604736      0.381208867    
   37.4004745      0.393503100    
   37.4404755      0.405567497    
   37.4804764      0.417387456    
   37.5204773      0.428948224    
   37.5604782      0.440234929    
   37.6004791      0.451232642    
   37.6404800      0.461926430    
   37.6804810      0.472301394    
   37.7204819      0.482342720    
   37.7604828      0.492035836    
   37.8004837      0.501366317    
   37.8404846      0.510320008    
   37.8804855      0.518883228    
   37.9204865      0.527042627    
   37.9604874      0.534785330    
   38.0004883      0.542099059    
   38.0404892      0.548972011    
   38.0804901      0.555393219    
   38.1204910      0.561352313    
   38.1604919      0.566839695    
   38.2004929      0.571846604    
   38.2404938      0.576365173    
   38.2804947      0.580388367    
   38.3204956      0.583910167    
   38.3604965      0.586925507    
   38.4004974      0.589430273    
   38.4404984      0.591421366    
   38.4804993      0.592896819    
   38.5205002      0.593855619    
   38.5605011      0.594297767    
   38.6005020      0.594224393    
   38.6405029      0.593637586    
   38.6805038      0.592540443    
   38.7205048      0.590937078    
   38.7605057      0.588832498    
   38.8005066      0.586232722    
   38.8405075      0.583144546    
   38.8805084      0.579575658    
   38.9205093      0.575534523    
   38.9605103      0.571030378    
   39.0005112      0.566073060    
   39.0405121      0.560673058    
   39.0805130      0.554841459    
   39.1205139      0.548589826    
   39.1605148      0.541930139    
   39.2005157      0.534874737    
   39.2405167      0.527436256    
   39.2805176      0.519627631    
   39.3205185      0.511461973    
   39.3605194      0.502952456    
   39.4005203      0.494112343    
   39.4405212      0.484954894    
   39.4805222      0.475493312    
   39.5205231      0.465740740    
   39.5605240      0.455710083    
   39.6005249      0.445414126    
   39.6405258      0.434865385    
   39.6805267      0.424076080    
   39.7205276      0.413058162    
   39.7605286      0.401823223    
   39.8005295      0.390382469    
   39.8405304      0.378746748    
   39.8805313      0.366926521    
   39.9205322      0.354931772    
   39.9605331      0.342772096    
   40.0005341      0.330456674    
   40.0405350      0.317994207    
   40.0805359      0.305392981    
   40.1205368      0.292660832    
   40.1605377      0.279805213    
   40.2005386      0.266833127    
   40.2405396      0.253751189    
   40.2805405      0.240565628    
   40.3205414      0.227282301    
   40.3605423      0.213906735    
   40.4005432      0.200444117    
   40.4405441      0.186899334    
   40.4805450      0.173277006    
   40.5205460      0.159581512    
   40.5605469      0.145816997    
   40.6005478      0.131987408    
   40.6405487      0.118096575    
   40.6805496      0.104148164    
   40.7205505       9.01457444E-02
   40.7605515       7.60928467E-02
   40.8005524       6.19929619E-02
   40.8405533       4.78495583E-02
   40.8805542       3.36661786E-02
   40.9205551       1.94464140E-02
   40.9605560       5.19393291E-03
   41.0005569      -9.08742193E-03
   41.0405579      -2.33936906E-02
   41.0805588      -3.77206728E-02
   41.1205597      -5.20639643E-02
   41.1605606      -6.64189458E-02
   41.2005615      -8.07806700E-02
   41.2405624      -9.51438919E-02
   41.2805634     -0.109503083    
   41.3205643     -0.123852298    
   41.3605652     -0.138185248    
   41.4005661     -0.152495280    
   41.4405670     -0.166775271    
   41.4805679     -0.181017697    
   41.5205688     -0.195214614    
   41.5605698     -0.209357589    
   41.6005707     -0.223437756    
   41.6405716     -0.237445801    
   41.6805725     -0.251371861    
   41.7205734     -0.265205711    
   41.7605743     -0.278936595    
   41.8005753     -0.292553306    
   41.8405762     -0.306044221    
   41.8805771     -0.319397271    
   41.9205780     -0.332599938    
   41.9605789     -0.345639348    
   42.0005798     -0.358502239    
   42.0405807     -0.371174991    
   42.0805817     -0.383643687    
   42.1205826     -0.395894170    
   42.1605835     -0.407911956    
   42.2005844     -0.419682413    
   42.2405853     -0.431190819    
   42.2805862     -0.442422211    
   42.3205872     -0.453361690    
   42.3605881     -0.463994324    
   42.4005890     -0.474305212    
   42.4405899     -0.484279603    
   42.4805908     -0.493902922    
   42.5205917     -0.503160834    
   42.5605927     -0.512039244    
   42.6005936     -0.520524561    
   42.6405945     -0.528603494    
   42.6805954     -0.536263287    
   42.7205963     -0.543491721    
   42.7605972     -0.550277233    
   42.8005981     -0.556608856    
   42.8405991     -0.562476456    
   42.8806000     -0.567870557    
   42.9206009     -0.572782516    
   42.9606018     -0.577204704    
   43.0006027     -0.581130326    
   43.0406036     -0.584553480    
   43.0806046     -0.587469220    
   43.1206055     -0.589873731    
   43.1606064     -0.591764152    
   43.2006073     -0.593138635    
   43.2406082     -0.593996346    
   43.2806091     -0.594337583    
   43.3206100     -0.594163656    
   43.3606110     -0.593476772    
   43.4006119     -0.592280328    
   43.4406128     -0.590578556    
   43.4806137     -0.588376641    
   43.5206146     -0.585680783    
   43.5606155     -0.582497954    
   43.6006165     -0.578836024    
   43.6406174     -0.574703634    
   43.6806183     -0.570110083    
   43.7206192     -0.565065324    
   43.7606201     -0.559580028    
   43.8006210     -0.553665340    
   43.8406219     -0.547332942    
   43.8806229     -0.540594876    
   43.9206238     -0.533463538    
   43.9606247     -0.525951684    
   44.0006256     -0.518072248    
   44.0406265     -0.509838283    
   44.0806274     -0.501263082    
   44.1206284     -0.492359877    
   44.1606293     -0.483141929    
   44.2006302     -0.473622441    
   44.2406311     -0.463814497    
   44.2806320     -0.453731000    
   44.3206329     -0.443384677    
   44.3606339     -0.432787985    
   44.4006348     -0.421953112    
   44.4406357     -0.410891920    
   44.4806366     -0.399615943    
   44.5206375     -0.388136297    
   44.5606384     -0.376463771    
   44.6006393     -0.364608735    
   44.6406403     -0.352581114    
   44.6806412     -0.340390384    
   44.7206421     -0.328045666    
   44.7606430     -0.315555543    
   44.8006439     -0.302928239    
   44.8406448     -0.290171534    
   44.8806458     -0.277292758    
   44.9206467     -0.264298856    
   44.9606476     -0.251196355    
   45.0006485     -0.237991422    
   45.0406494     -0.224689841    
   45.0806503     -0.211297080    
   45.1206512     -0.197818249    
   45.1606522     -0.184258193    
   45.2006531     -0.170621470    
   45.2406540     -0.156912416    
   45.2806549     -0.143135130    
   45.3206558     -0.129293546    
   45.3606567     -0.115391456    
   45.4006577     -0.101432487    
   45.4406586      -8.74202251E-02
   45.4806595      -7.33581781E-02
   45.5206604      -5.92498071E-02
   45.5606613      -4.50986288E-02
   45.6006622      -3.09081711E-02
   45.6406631      -1.66820250E-02
   45.6806641      -2.42392160E-03
   45.7206650       1.18622882E-02
   45.7606659       2.61726100E-02
   45.8006668       4.05028015E-02
   45.8406677       5.48484251E-02
   45.8806686       6.92047998E-02
   45.9206696       8.35669115E-02
   45.9606705       9.79294702E-02
   46.0006714      0.112286873    
   46.0406723      0.126633108    
   46.0806732      0.140961811    
   46.1206741      0.155266255    
   46.1606750      0.169539228    
   46.2006760      0.183773130    
   46.2406769      0.197959945    
   46.2806778      0.212091133    
   46.3206787      0.226157725    
   46.3606796      0.240150332    
   46.4006805      0.254059017    
   46.4406815      0.267873436    
   46.4806824      0.281582773    
   46.5206833      0.295175731    
   46.5606842      0.308640569    
   46.6006851      0.321965158    
   46.6406860      0.335136920    
   46.6806870      0.348142862    
   46.7206879      0.360969722    
   46.7606888      0.373603761    
   46.8006897      0.386031032    
   46.8406906      0.398237288    
   46.8806915      0.410208046    
   46.9206924      0.421928644    
   46.9606934      0.433384299    
   47.0006943      0.444560081    
   47.0406952      0.455441087    
   47.0806961      0.466012359    
   47.1206970      0.476259023    
   47.1606979      0.486166388    
   47.2006989      0.495719880    
   47.2406998      0.504905224    
   47.2807007      0.513708413    
   47.3207016      0.522115886    
   47.3607025      0.530114472    
   47.4007034      0.537691534    
   47.4407043      0.544834971    
   47.4807053      0.551533282    
   47.5207062      0.557775736    
   47.5607071      0.563552260    
   47.6007080      0.568853557    
   47.6407089      0.573671281    
   47.6807098      0.577997804    
   47.7207108      0.581826508    
   47.7607117      0.585151732    
   47.8007126      0.587968767    
   47.8407135      0.590273917    
   47.8807144      0.592064559    
   47.9207153      0.593339026    
   47.9607162      0.594096720    
   48.0007172      0.594338119    
   48.0407181      0.594064713    
   48.0807190      0.593279004    
   48.1207199      0.591984391    
   48.1607208      0.590185463    
   48.2007217      0.587887585    
   48.2407227      0.585097015    
   48.2807236      0.581820965    
   48.3207245      0.578067422    
   48.3607254      0.573845088    
   48.4007263      0.569163501    
   48.4407272      0.564032793    
   48.4807281      0.558463633    
   48.5207291      0.552467346    
   48.5607300      0.546055675    
   48.6007309      0.539240658    
   48.6407318      0.532034874    
   48.6807327      0.524451017    
   48.7207336      0.516502082    
   48.7607346      0.508201241    
   48.8007355      0.499561727    
   48.8407364      0.490596771    
   48.8807373      0.481319666    
   48.9207382      0.471743584    
   48.9607391      0.461881518    
   49.0007401      0.451746404    
   49.0407410      0.441350907    
   49.0807419      0.430707395    
   49.1207428      0.419828057    
   49.1607437      0.408724636    
   49.2007446      0.397408605    
   49.2407455      0.385891050    
   49.2807465      0.374182671    
   49.3207474      0.362293720    
   49.3607483      0.350234032    
   49.4007492      0.338013053    
   49.4407501      0.325639784    
   49.4807510      0.313122749    
   49.5207520      0.300470054    
   49.5607529      0.287689418    
   49.6007538      0.274788082    
   49.6407547      0.261772901    
   49.6807556      0.248650357    
   49.7207565      0.235426530    
   49.7607574      0.222107127    
   49.8007584      0.208697557    
   49.8407593      0.195202872    
   49.8807602      0.181627855    
   49.9207611      0.167977050    
   49.9607620      0.154254705    
   50.0007629      0.140464902    
   50.0407639      0.126611531    
   50.0807648      0.112698369    
   50.1207657       9.87290293E-02
   50.1607666       8.47070515E-02
   50.2007675       7.06359744E-02
   50.2407684       5.65192513E-02
   50.2807693       4.23603728E-02
   50.3207703       2.81629246E-02
   50.3607712       1.39304921E-02
   50.4007721      -3.33189033E-04
   50.4407730      -1.46241952E-02
   50.4807739      -2.89385170E-02
   50.5207748      -4.32718992E-02
   50.5607758      -5.76197989E-02
   50.6007767      -7.19775110E-02
   50.6407776      -8.63399953E-02
   50.6807785     -0.100701846    
   50.7207794     -0.115057416    
   50.7607803     -0.129400656    
   50.8007812     -0.143725052    
   50.8407822     -0.158023834    
   50.8807831     -0.172289759    
   50.9207840     -0.186515063    
   50.9607849     -0.200691670    
   51.0007858     -0.214810982    
   51.0407867     -0.228863895    
   51.0807877     -0.242840946    
   51.1207886     -0.256732166    
   51.1607895     -0.270527005    
   51.2007904     -0.284214646    
   51.2407913     -0.297783703    
   51.2807922     -0.311222285    
   51.3207932     -0.324518263    
   51.3607941     -0.337658942    
   51.4007950     -0.350631237    
   51.4407959     -0.363421828    
   51.4807968     -0.376016974    
   51.5207977     -0.388402581    
   51.5607986     -0.400564402    
   51.6007996     -0.412487954    
   51.6408005     -0.424158454    
   51.6808014     -0.435561150    
   51.7208023     -0.446681142    
   51.7608032     -0.457503378    
   51.8008041     -0.468013048    
   51.8408051     -0.478195310    
   51.8808060     -0.488035381    
   51.9208069     -0.497518837    
   51.9608078     -0.506631434    
   52.0008087     -0.515359223    
   52.0408096     -0.523688734    
   52.0808105     -0.531606913    
   52.1208115     -0.539101124    
   52.1608124     -0.546159446    
   52.2008133     -0.552770555    
   52.2408142     -0.558923781    
   52.2808151     -0.564609230    
   52.3208160     -0.569817841    
   52.3608170     -0.574541211    
   52.4008179     -0.578772128    
   52.4408188     -0.582504094    
   52.4808197     -0.585731506    
   52.5208206     -0.588450015    
   52.5608215     -0.590656102    
   52.6008224     -0.592347205    
   52.6408234     -0.593521953    
   52.6808243     -0.594179988    
   52.7208252     -0.594321907    
   52.7608261     -0.593949437    
   52.8008270     -0.593065262    
   52.8408279     -0.591672957    
   52.8808289     -0.589777291    
   52.9208298     -0.587383807    
   52.9608307     -0.584498942    
   53.0008316     -0.581130147    
   53.0408325     -0.577285469    
   53.0808334     -0.572973788    
   53.1208344     -0.568204820    
   53.1608353     -0.562988758    
   53.2008362     -0.557336330    
   53.2408371     -0.551259041    
   53.2808380     -0.544768631    
   53.3208389     -0.537877262    
   53.3608398     -0.530597568    
   53.4008408     -0.522942364    
   53.4408417     -0.514924586    
   53.4808426     -0.506557465    
   53.5208435     -0.497854203    
   53.5608444     -0.488828063    
   53.6008453     -0.479492307    
   53.6408463     -0.469860107    
   53.6808472     -0.459944427    
   53.7208481     -0.449758172    
   53.7608490     -0.439313918    
   53.8008499     -0.428624034    
   53.8408508     -0.417700619    
   53.8808517     -0.406555384    
   53.9208527     -0.395199686    
   53.9608536     -0.383644581    
   54.0008545     -0.371900618    
   54.0408554     -0.359978050    
   54.0808563     -0.347886592    
   54.1208572     -0.335635602    
   54.1608582     -0.323233992    
   54.2008591     -0.310690224    
   54.2408600     -0.298012316    
   54.2808609     -0.285207897    
   54.3208618     -0.272284150    
   54.3608627     -0.259247839    
   54.4008636     -0.246105343    
   54.4408646     -0.232862696    
   54.4808655     -0.219525531    
   54.5208664     -0.206099182    
   54.5608673     -0.192588687    
   54.6008682     -0.178998753    
   54.6408691     -0.165333837    
   54.6808701     -0.151598215    
   54.7208710     -0.137795895    
   54.7608719     -0.123930737    
   54.8008728     -0.110006504    
   54.8408737      -9.60267782E-02
   54.8808746      -8.19950923E-02
   54.9208755      -6.79149777E-02
   54.9608765      -5.37898876E-02
   55.0008774      -3.96233201E-02
   55.0408783      -2.54188776E-02
   55.0808792      -1.11801606E-02
   55.1208801       3.08907032E-03
   55.1608810       1.73848607E-02
   55.2008820       3.17031629E-02
   55.2408829       4.60396782E-02
   55.2808838       6.03898130E-02
   55.3208847       7.47488141E-02
   55.3608856       8.91115814E-02
   55.4008865      0.103472635    
   55.4408875      0.117826276    
   55.4808884      0.132166371    
   55.5208893      0.146486342    
   55.5608902      0.160779342    
   55.6008911      0.175038010    
   55.6408920      0.189254522    
   55.6808929      0.203420728    
   55.7208939      0.217527941    
   55.7608948      0.231566936    
   55.8008957      0.245528191    
   55.8408966      0.259401619    
   55.8808975      0.273176610    
   55.9208984      0.286842227    
   55.9608994      0.300387025    
   56.0009003      0.313799053    
   56.0409012      0.327066034    
   56.0809021      0.340175241    
   56.1209030      0.353113502    
   56.1609039      0.365867436    
   56.2009048      0.378423244    
   56.2409058      0.390766770    
   56.2809067      0.402883738    
   56.3209076      0.414759606    
   56.3609085      0.426379561    
   56.4009094      0.437728852    
   56.4409103      0.448792547    
   56.4809113      0.459555626    
   56.5209122      0.470003247    
   56.5609131      0.480120599    
   56.6009140      0.489892960    
   56.6409149      0.499305934    
   56.6809158      0.508345366    
   56.7209167      0.516997337    
   56.7609177      0.525248468    
   56.8009186      0.533085763    
   56.8409195      0.540496767    
   56.8809204      0.547469676    
   56.9209213      0.553993285    
   56.9609222      0.560056984    
   57.0009232      0.565651059    
   57.0409241      0.570766628    
   57.0809250      0.575395525    
   57.1209259      0.579530597    
   57.1609268      0.583165586    
   57.2009277      0.586295128    
   57.2409286      0.588914990    
   57.2809296      0.591021836    
   57.3209305      0.592613399    
   57.3609314      0.593688428    
   57.4009323      0.594246805    
   57.4409332      0.594289303    
   57.4809341      0.593817830    
   57.5209351      0.592835307    
   57.5609360      0.591345489    
   57.6009369      0.589353323    
   57.6409378      0.586864531    
   57.6809387      0.583885729    
   57.7209396      0.580424428    
   57.7609406      0.576488972    
   57.8009415      0.572088301    
   57.8409424      0.567232192    
   57.8809433      0.561931074    
   57.9209442      0.556195796    
   57.9609451      0.550037861    
   58.0009460      0.543469131    
   58.0409470      0.536501884    
   58.0809479      0.529148698    
   58.1209488      0.521422505    
   58.1609497      0.513336301    
   58.2009506      0.504903257    
   58.2409515      0.496136665    
   58.2809525      0.487049788    
   58.3209534      0.477655828    
   58.3609543      0.467967927    
   58.4009552      0.457999080    
   58.4409561      0.447762072    
   58.4809570      0.437269479    
   58.5209579      0.426533639    
   58.5609589      0.415566504    
   58.6009598      0.404379785    
   58.6409607      0.392984778    
   58.6809616      0.381392419    
   58.7209625      0.369613230    
   58.7609634      0.357657313    
   58.8009644      0.345534384    
   58.8409653      0.333253652    
   58.8809662      0.320823967    
   58.9209671      0.308253706    
   58.9609680      0.295550823    
   59.0009689      0.282722831    
   59.0409698      0.269776851    
   59.0809708      0.256719559    
   59.1209717      0.243557274    
   59.1609726      0.230295956    
   59.2009735      0.216941193    
   59.2409744      0.203498229    
   59.2809753      0.189972043    
   59.3209763      0.176367298    
   59.3609772      0.162688419    
   59.4009781      0.148939624    
   59.4409790      0.135124877    
   59.4809799      0.121248029    
   59.5209808      0.107312813    
   59.5609818       9.33227837E-02
   59.6009827       7.92814791E-02
   59.6409836       6.51924163E-02
   59.6809845       5.10590486E-02
   59.7209854       3.68848890E-02
   59.7609863       2.26735454E-02
   59.8009872       8.42864346E-03
   59.8409882      -5.84603101E-03
   59.8809891      -2.01464891E-02
   59.9209900      -3.44686471E-02
   59.9609909      -4.88081612E-02
   60.0009918      -6.31603897E-02
   60.0409927      -7.75205269E-02
   60.0809937      -9.18834060E-02
   60.1209946     -0.106243491    
   60.1609955     -0.120595008    
   60.2009964     -0.134931758    
   60.2409973     -0.149247080    
   60.2809982     -0.163534030    
   60.3209991     -0.177785203    
   60.3610001     -0.191992670    
   60.4010010     -0.206148177    
   60.4410019     -0.220242962    
   60.4810028     -0.234267727    
   60.5210037     -0.248212829    
   60.5610046     -0.262068123    
   60.6010056     -0.275822878    
   60.6410065     -0.289466083    
   60.6810074     -0.302986205    
   60.7210083     -0.316371202    
   60.7610092     -0.329608738    
   60.8010101     -0.342685997    
   60.8410110     -0.355589747    
   60.8810120     -0.368306518    
   60.9210129     -0.380822480    
   60.9610138     -0.393123388    
   61.0010147     -0.405194968    
   61.0410156     -0.417022616    
   61.0810165     -0.428591490    
   61.1210175     -0.439886808    
   61.1610184     -0.450893641    
   61.2010193     -0.461596996    
   61.2410202     -0.471982032    
   61.2810211     -0.482033938    
   61.3210220     -0.491738051    
   61.3610229     -0.501080036    
   61.4010239     -0.510045767    
   61.4410248     -0.518621385    
   61.4810257     -0.526793599    
   61.5210266     -0.534549594    
   61.5610275     -0.541876912    
   61.6010284     -0.548763931    
   61.6410294     -0.555199564    
   61.6810303     -0.561173320    
   61.7210312     -0.566675723    
   61.7610321     -0.571698010    
   61.8010330     -0.576232135    
   61.8410339     -0.580271125    
   61.8810349     -0.583808959    
   61.9210358     -0.586840451    
   61.9610367     -0.589361489    
   62.0010376     -0.591369033    
   62.0410385     -0.592860997    
   62.0810394     -0.593836308    
   62.1210403     -0.594295025    
   62.1610413     -0.594238222    
   62.2010422     -0.593667865    
   62.2410431     -0.592587113    
   62.2810440     -0.590999961    
   62.3210449     -0.588911414    
   62.3610458     -0.586327493    
   62.4010468     -0.583254993    
   62.4410477     -0.579701483    
   62.4810486     -0.575675488    
   62.5210495     -0.571186185    
   62.5610504     -0.566243410    
   62.6010513     -0.560857594    
   62.6410522     -0.555039883    
   62.6810532     -0.548801720    
   62.7210541     -0.542155087    
   62.7610550     -0.535112381    
   62.8010559     -0.527686238    
   62.8410568     -0.519889534    
   62.8810577     -0.511735380    
   62.9210587     -0.503236949    
   62.9610596     -0.494407505    
   63.0010605     -0.485260338    
   63.0410614     -0.475808620    
   63.0810623     -0.466065466    
   63.1210632     -0.456043869    
   63.1610641     -0.445756555    
   63.2010651     -0.435216069    
   63.2410660     -0.424434662    
   63.2810669     -0.413424253    
   63.3210678     -0.402196467    
   63.3610687     -0.390762538    
   63.4010696     -0.379133314    
   63.4410706     -0.367319226    
   63.4810715     -0.355330348    
   63.5210724     -0.343176246    
   63.5610733     -0.330866098    
   63.6010742     -0.318408638    
   63.6410751     -0.305812180    
   63.6810760     -0.293084562    
   63.7210770     -0.280233264    
   63.7610779     -0.267265290    
   63.8010788     -0.254187256    
   63.8410797     -0.241005406    
   63.8810806     -0.227725625    
   63.9210815     -0.214353427    
   63.9610825     -0.200894028    
   64.0010834     -0.187352329    
   64.0410843     -0.173732936    
   64.0810852     -0.160040230    
   64.1210861     -0.146278396    
   64.1610870     -0.132451370    
   64.2010880     -0.118562967    
   64.2410889     -0.104616888    
   64.2810898      -9.06166881E-02
   64.3210907      -7.65658841E-02
   64.3610916      -6.24679960E-02
   64.4010925      -4.83264774E-02
   64.4410934      -3.41448486E-02
   64.4810944      -1.99267380E-02
   64.5210953      -5.67578524E-03
   64.5610962       8.60419031E-03
   64.6010971       2.29091682E-02
   64.6410980       3.72350253E-02
   64.6810989       5.15773743E-02
   64.7210999       6.59315214E-02
   64.7611008       8.02925974E-02
   64.8011017       9.46553946E-02
   64.8411026      0.109014295    
   64.8811035      0.123363458    
   64.9211044      0.137696609    
   64.9611053      0.152007014    
   65.0011063      0.166287661    
   65.0411072      0.180531040    
   65.0811081      0.194729134    
   65.1211090      0.208873615    
   65.1611099      0.222955629    
   65.2011108      0.236965790    
   65.2411118      0.250894368    
   65.2811127      0.264731109    
   65.3211136      0.278465211    
   65.3611145      0.292085588    
   65.4011154      0.305580616    
   65.4411163      0.318938136    
   65.4811172      0.332145751    
   65.5211182      0.345190585    
   65.5611191      0.358059317    
   65.6011200      0.370738417    
   65.6411209      0.383213997    
   65.6811218      0.395471781    
   65.7211227      0.407497406    
   65.7611237      0.419276267    
   65.8011246      0.430793524    
   65.8411255      0.442034334    
   65.8811264      0.452983767    
   65.9211273      0.463626832    
   65.9611282      0.473948717    
   66.0011292      0.483934641    
   66.0411301      0.493570030    
   66.0811310      0.502840459    
   66.1211319      0.511731923    
   66.1611328      0.520230770    
   66.2011337      0.528323650    
   66.2411346      0.535997868    
   66.2811356      0.543241203    
   66.3211365      0.550041914    
   66.3611374      0.556389213    
   66.4011383      0.562272787    
   66.4411392      0.567683160    
   66.4811401      0.572611809    
   66.5211411      0.577050924    
   66.5611420      0.580993652    
   66.6011429      0.584434092    
   66.6411438      0.587367415    
   66.6811447      0.589789569    
   66.7211456      0.591697752    
   66.7611465      0.593090057    
   66.8011475      0.593965590    
   66.8411484      0.594324648    
   66.8811493      0.594168484    
   66.9211502      0.593499303    
   66.9611511      0.592320442    
   67.0011520      0.590636134    
   67.0411530      0.588451505    
   67.0811539      0.585772693    
   67.1211548      0.582606733    
   67.1611557      0.578961372    
   67.2011566      0.574845195    
   67.2411575      0.570267558    
   67.2811584      0.565238416    
   67.3211594      0.559768379    
   67.3611603      0.553868592    
   67.4011612      0.547550619    
   67.4411621      0.540826559    
   67.4811630      0.533708870    
   67.5211639      0.526210129    
   67.5611649      0.518343389    
   67.6011658      0.510121763    
   67.6411667      0.501558363    
   67.6811676      0.492666543    
   67.7211685      0.483459532    
   67.7611694      0.473950505    
   67.8011703      0.464152604    
   67.8411713      0.454078704    
   67.8811722      0.443741530    
   67.9211731      0.433153570    
   67.9611740      0.422327012    
   68.0011749      0.411273718    
   68.0411758      0.400005251    
   68.0811768      0.388532788    
   68.1211777      0.376867056    
   68.1611786      0.365018457    
   68.2011795      0.352996916    
   68.2411804      0.340811968    
   68.2811813      0.328472704    
   68.3211823      0.315987766    
   68.3611832      0.303365380    
   68.4011841      0.290613323    
   68.4411850      0.277738929    
   68.4811859      0.264749199    
   68.5211868      0.251650631    
   68.5611877      0.238449425    
   68.6011887      0.225151375    
   68.6411896      0.211761951    
   68.6811905      0.198286280    
   68.7211914      0.184729218    
   68.7611923      0.171095341    
   68.8011932      0.157388970    
   68.8411942      0.143614247    
   68.8811951      0.129775077    
   68.9211960      0.115875244    
   68.9611969      0.101918437    
   69.0011978       8.79081860E-02
   69.0411987       7.38480091E-02
   69.0811996       5.97414225E-02
   69.1212006       4.55918834E-02
   69.1612015       3.14029194E-02
   69.2012024       1.71781741E-02
   69.2412033       2.92131584E-03
   69.2812042      -1.13638127E-02
   69.3212051      -2.56731510E-02
   69.3612061      -4.00025398E-02
   69.4012070      -5.43475449E-02
   69.4412079      -6.87034205E-02
   69.4812088      -8.30652490E-02
   69.5212097      -9.74277407E-02
   69.5612106     -0.111785233    
   69.6012115     -0.126131803    
   69.6412125     -0.140461102    
   69.6812134     -0.154766321    
   69.7212143     -0.169040367    
   69.7612152     -0.183275640    
   69.8012161     -0.197464049    
   69.8412170     -0.211597174    
   69.8812180     -0.225666076    
   69.9212189     -0.239661261    
   69.9612198     -0.253572911    
   70.0012207     -0.267390698    
   70.0412216     -0.281103820    
   70.0812225     -0.294700921    
   70.1212234     -0.308170348    
   70.1612244     -0.321499974    
   70.2012253     -0.334677160    
   70.2412262     -0.347689033    
   70.2812271     -0.360522300    
   70.3212280     -0.373163193    
   70.3612289     -0.385597825    
   70.4012299     -0.397811979    
   70.4412308     -0.409791112    
   70.4812317     -0.421520621    
   70.5212326     -0.432985723    
   70.5612335     -0.444171429    
   70.6012344     -0.455062896    
   70.6412354     -0.465645194    
   70.6812363     -0.475903362    
   70.7212372     -0.485822737    
   70.7612381     -0.495388776    
   70.8012390     -0.504587114    
   70.8412399     -0.513403833    
   70.8812408     -0.521825314    
   70.9212418     -0.529838324    
   70.9612427     -0.537430286    
   71.0012436     -0.544589043    
   71.0412445     -0.551303089    
   71.0812454     -0.557561636    
   71.1212463     -0.563354611    
   71.1612473     -0.568672657    
   71.2012482     -0.573507369    
   71.2412491     -0.577851176    
   71.2812500     -0.581697345    
   71.3212509     -0.585040271    
   71.3612518     -0.587875187    
   71.4012527     -0.590198278    
   71.4412537     -0.592006981    
   71.4812546     -0.593299568    
   71.5212555     -0.594075382    
   71.5612564     -0.594334841    
   71.6012573     -0.594079435    
   71.6412582     -0.593311548    
   71.6812592     -0.592034698    
   71.7212601     -0.590253353    
   71.7612610     -0.587972820    
   71.8012619     -0.585199416    
   71.8412628     -0.581940293    
   71.8812637     -0.578203321    
   71.9212646     -0.573997319    
   71.9612656     -0.569331706    
   72.0012665     -0.564216554    
   72.0412674     -0.558662653    
   72.0812683     -0.552681208    
   72.1212692     -0.546283901    
   72.1612701     -0.539482892    
   72.2012711     -0.532290637    
   72.2412720     -0.524719834    
   72.2812729     -0.516783535    
   72.3212738     -0.508494854    
   72.3612747     -0.499867022    
   72.4012756     -0.490913332    
   72.4412766     -0.481647015    
   72.4812775     -0.472081214    
   72.5212784     -0.462229013    
   72.5612793     -0.452103317    
   72.6012802     -0.441716760    
   72.6412811     -0.431081802    
   72.6812820     -0.420210570    
   72.7212830     -0.409114867    
   72.7612839     -0.397806168    
   72.8012848     -0.386295557    
   72.8412857     -0.374593735    
   72.8812866     -0.362710983    
   72.9212875     -0.350657165    
   72.9612885     -0.338441730    
   73.0012894     -0.326073676    
   73.0412903     -0.313561589    
   73.0812912     -0.300913572    
   73.1212921     -0.288137317    
   73.1612930     -0.275240123    
   73.2012939     -0.262228876    
   73.2412949     -0.249110028    
   73.2812958     -0.235889673    
   73.3212967     -0.222573578    
   73.3612976     -0.209167108    
   73.4012985     -0.195675358    
   73.4412994     -0.182103127    
   73.4813004     -0.168454915    
   73.5213013     -0.154735029    
   73.5613022     -0.140947565    
   73.6013031     -0.127096400    
   73.6413040     -0.113185287    
   73.6813049      -9.92178917E-02
   73.7213058      -8.51977393E-02
   73.7613068      -7.11283386E-02
   73.8013077      -5.70131950E-02
   73.8413086      -4.28557768E-02
   73.8813095      -2.86596231E-02
   73.9213104      -1.44283967E-02
   73.9613113      -1.65786594E-04
   74.0013123       1.41243329E-02
   74.0413132       2.84379143E-02
   74.0813141       4.27706577E-02
   74.1213150       5.71181327E-02
   74.1613159       7.14755952E-02
   74.2013168       8.58379602E-02
   74.2413177      0.100199938    
   74.2813187      0.114555836    
   74.3213196      0.128899559    
   74.3613205      0.143224746    
   74.4013214      0.157524571    
   74.4413223      0.171791717    
   74.4813232      0.186018586    
   74.5213242      0.200197056    
   74.5613251      0.214318484    
   74.6013260      0.228373900    
   74.6413269      0.242353797    
   74.6813278      0.256248146    
   74.7213287      0.270046562    
   74.7613297      0.283738166    
   74.8013306      0.297311515    
   74.8413315      0.310754895    
   74.8813324      0.324056089    
   74.9213333      0.337202370    
   74.9613342      0.350180805    
   75.0013351      0.362977982    
   75.0413361      0.375580132    
   75.0813370      0.387973309    
   75.1213379      0.400143236    
   75.1613388      0.412075311    
   75.2013397      0.423754930    
   75.2413406      0.435167253    
   75.2813416      0.446297318    
   75.3213425      0.457130253    
   75.3613434      0.467651129    
   75.4013443      0.477845013    
   75.4413452      0.487697303    
   75.4813461      0.497193485    
   75.5213470      0.506319225    
   75.5613480      0.515060723    
   75.6013489      0.523404419    
   75.6413498      0.531337142    
   75.6813507      0.538846374    
   75.7213516      0.545920134    
   75.7613525      0.552547038    
   75.8013535      0.558716416    
   75.8413544      0.564418375    
   75.8813553      0.569643736    
   75.9213562      0.574384212    
   75.9613571      0.578632474    
   76.0013580      0.582381904    
   76.0413589      0.585627079    
   76.0813599      0.588363469    
   76.1213608      0.590587437    
   76.1613617      0.592296600    
   76.2013626      0.593489468    
   76.2413635      0.594165504    
   76.2813644      0.594325423    
   76.3213654      0.593970895    
   76.3613663      0.593104482    
   76.4013672      0.591729879    
   76.4413681      0.589851737    
   76.4813690      0.587475538    
   76.5213699      0.584607780    
   76.5613708      0.581255734    
   76.6013718      0.577427506    
   76.6413727      0.573132038    
   76.6813736      0.568378866    
   76.7213745      0.563178182    
   76.7613754      0.557540834    
   76.8013763      0.551478148    
   76.8413773      0.545001924    
   76.8813782      0.538124382    
   76.9213791      0.530858040    
   76.9613800      0.523215711    
   77.0013809      0.515210390    
   77.0413818      0.506855249    
   77.0813828      0.498163491    
   77.1213837      0.489148408    
   77.1613846      0.479823261    
   77.2013855      0.470201164    
   77.2413864      0.460295171    
   77.2813873      0.450118154    
   77.3213882      0.439682692    
   77.3613892      0.429001182    
   77.4013901      0.418085724    
   77.4413910      0.406948030    
   77.4813919      0.395599484    
   77.5213928      0.384051144    
   77.5613937      0.372313619    
   77.6013947      0.360397100    
   77.6413956      0.348311394    
   77.6813965      0.336065829    
   77.7213974      0.323669344    
   77.7613983      0.311130404    
   77.8013992      0.298457056    
   77.8414001      0.285656929    
   77.8814011      0.272737205    
   77.9214020      0.259704709    
   77.9614029      0.246565804    
   78.0014038      0.233326539    
   78.0414047      0.219992578    
   78.0814056      0.206569269    
   78.1214066      0.193061620    
   78.1614075      0.179474369    
   78.2014084      0.165812016    
   78.2414093      0.152078778    
   78.2814102      0.138278708    
   78.3214111      0.124415688    
   78.3614120      0.110493436    
   78.4014130       9.65155661E-02
   78.4414139       8.24856460E-02
   78.4814148       6.84071407E-02
   78.5214157       5.42835370E-02
   78.5614166       4.01183739E-02
   78.6014175       2.59151664E-02
   78.6414185       1.16775557E-02
   78.6814194      -2.59065721E-03
   78.7214203      -1.68856159E-02
   78.7614212      -3.12032327E-02
   78.8014221      -4.55391631E-02
   78.8414230      -5.98889329E-02
   78.8814240      -7.42477402E-02
   78.9214249      -8.86104405E-02
   78.9614258     -0.102971680    
   79.0014267     -0.117325716    
   79.0414276     -0.131666362    
   79.0814285     -0.145987183    
   79.1214294     -0.160281271    
   79.1614304     -0.174541250    
   79.2014313     -0.188759401    
   79.2414322     -0.202927530    
   79.2814331     -0.217036918    
   79.3214340     -0.231078491    
   79.3614349     -0.245042667    
   79.4014359     -0.258919299    
   79.4414368     -0.272697955    
   79.4814377     -0.286367625    
   79.5214386     -0.299916804    
   79.5614395     -0.313333690    
   79.6014404     -0.326605976    
   79.6414413     -0.339720875    
   79.6814423     -0.352665365    
   79.7214432     -0.365426004    
   79.7614441     -0.377988905    
   79.8014450     -0.390340090    
   79.8414459     -0.402465254    
   79.8814468     -0.414349735    
   79.9214478     -0.425978899    
   79.9614487     -0.437337905    
   80.0014496     -0.448411763    
