   3.99999991E-02  -5.27318567E-03
   7.99999982E-02  -1.17114522E-02
  0.119999997      -1.92794260E-02
  0.159999996      -2.79397368E-02
  0.199999988      -3.76531109E-02
  0.239999980      -4.83784750E-02
  0.279999971      -6.00730553E-02
  0.319999963      -7.26924911E-02
  0.359999955      -8.61909240E-02
  0.399999946     -0.100521110    
  0.439999938     -0.115634531    
  0.479999930     -0.131481498    
  0.519999921     -0.148011237    
  0.559999943     -0.165172026    
  0.599999964     -0.182911307    
  0.639999986     -0.201175749    
  0.680000007     -0.219911441    
  0.720000029     -0.239063933    
  0.760000050     -0.258578390    
  0.800000072     -0.278399676    
  0.840000093     -0.298472553    
  0.880000114     -0.318741709    
  0.920000136     -0.339151949    
  0.960000157     -0.359648317    
   1.00000012     -0.380176187    
   1.04000008     -0.400681466    
   1.08000004     -0.421110690    
   1.12000000     -0.441411138    
   1.15999997     -0.461531043    
   1.19999993     -0.481419712    
   1.23999989     -0.501027644    
   1.27999985     -0.520306647    
   1.31999981     -0.539210141    
   1.35999978     -0.557693064    
   1.39999974     -0.575712144    
   1.43999970     -0.593226075    
   1.47999966     -0.610195518    
   1.51999962     -0.626583397    
   1.55999959     -0.642354786    
   1.59999955     -0.657477200    
   1.63999951     -0.671920538    
   1.67999947     -0.685657382    
   1.71999943     -0.698662758    
   1.75999939     -0.710914433    
   1.79999936     -0.722392857    
   1.83999932     -0.733081222    
   1.87999928     -0.742965341    
   1.91999924     -0.752033830    
   1.95999920     -0.760277867    
   1.99999917     -0.767691374    
   2.03999925     -0.774270713    
   2.07999921     -0.780014753    
   2.11999917     -0.784924746    
   2.15999913     -0.789004207    
   2.19999909     -0.792258739    
   2.23999906     -0.794696033    
   2.27999902     -0.796325505    
   2.31999898     -0.797158360    
   2.35999894     -0.797207296    
   2.39999890     -0.796486378    
   2.43999887     -0.795010805    
   2.47999883     -0.792796791    
   2.51999879     -0.789861321    
   2.55999875     -0.786222160    
   2.59999871     -0.781897366    
   2.63999867     -0.776905417    
   2.67999864     -0.771264851    
   2.71999860     -0.764994204    
   2.75999856     -0.758111835    
   2.79999852     -0.750635743    
   2.83999848     -0.742583454    
   2.87999845     -0.733971953    
   2.91999841     -0.724817514    
   2.95999837     -0.715135574    
   2.99999833     -0.704940736    
   3.03999829     -0.694246531    
   3.07999825     -0.683065534    
   3.11999822     -0.671409190    
   3.15999818     -0.659287751    
   3.19999814     -0.646710277    
   3.23999810     -0.633684635    
   3.27999806     -0.620217383    
   3.31999803     -0.606313944    
   3.35999799     -0.591978371    
   3.39999795     -0.577213466    
   3.43999791     -0.562020838    
   3.47999787     -0.546400785    
   3.51999784     -0.530352533    
   3.55999780     -0.513874054    
   3.59999776     -0.496962130    
   3.63999772     -0.479612529    
   3.67999768     -0.461819947    
   3.71999764     -0.443578064    
   3.75999761     -0.424879581    
   3.79999757     -0.405716300    
   3.83999753     -0.386079222    
   3.87999749     -0.365958482    
   3.91999745     -0.345343500    
   3.95999742     -0.324223101    
   3.99999738     -0.302585423    
   4.03999758     -0.280418128    
   4.07999754     -0.257708371    
   4.11999750     -0.234442949    
   4.15999746     -0.210608333    
   4.19999743     -0.186190754    
   4.23999739     -0.161176294    
   4.27999735     -0.135550961    
   4.31999731     -0.109300777    
   4.35999727      -8.24118778E-02
   4.39999723      -5.48705980E-02
   4.43999720      -2.66635977E-02
   4.47999716       2.22205184E-03
   4.51999712       3.17987353E-02
   4.55999708       6.20781705E-02
   4.59999704       9.30712745E-02
   4.63999701      0.124788016    
   4.67999697      0.157237276    
   4.71999693      0.190426648    
   4.75999689      0.224362314    
   4.79999685      0.259048760    
   4.83999681      0.294488698    
   4.87999678      0.330682695    
   4.91999674      0.367629051    
   4.95999670      0.405323446    
   4.99999666      0.443758726    
   5.03999662      0.482924610    
   5.07999659      0.522807300    
   5.11999655      0.563389301    
   5.15999651      0.604648888    
   5.19999647      0.646559894    
   5.23999643      0.689091265    
   5.27999640      0.732206643    
   5.31999636      0.775864184    
   5.35999632      0.820015848    
   5.39999628      0.864607334    
   5.43999624      0.909577489    
   5.47999620      0.954858184    
   5.51999617       1.00037384    
   5.55999613       1.04604113    
   5.59999609       1.09176910    
   5.63999605       1.13745880    
   5.67999601       1.18300331    
   5.71999598       1.22828794    
   5.75999594       1.27319014    
   5.79999590       1.31758022    
   5.83999586       1.36132169    
   5.87999582       1.40427184    
   5.91999578       1.44628286    
   5.95999575       1.48720264    
   5.99999571       1.52687597    
   6.03999567       1.56514621    
   6.07999563       1.60185647    
   6.11999559       1.63685179    
   6.15999556       1.66998076    
   6.19999552       1.70109737    
   6.23999548       1.73006332    
   6.27999544       1.75674987    
   6.31999540       1.78103983    
   6.35999537       1.80282986    
   6.39999533       1.82203186    
   6.43999529       1.83857477    
   6.47999525       1.85240591    
   6.51999521       1.86349213    
   6.55999517       1.87182069    
   6.59999514       1.87739921    
   6.63999510       1.88025641    
   6.67999506       1.88044143    
   6.71999502       1.87802291    
   6.75999498       1.87308860    
   6.79999495       1.86574352    
   6.83999491       1.85610855    
   6.87999487       1.84431851    
   6.91999483       1.83052039    
   6.95999479       1.81487095    
   6.99999475       1.79753458    
   7.03999472       1.77868128    
   7.07999468       1.75848436    
   7.11999464       1.73711836    
   7.15999460       1.71475732    
   7.19999456       1.69157267    
   7.23999453       1.66773188    
   7.27999449       1.64339709    
   7.31999445       1.61872363    
   7.35999441       1.59385931    
   7.39999437       1.56894350    
   7.43999434       1.54410672    
   7.47999430       1.51946986    
   7.51999426       1.49514437    
   7.55999422       1.47123194    
   7.59999418       1.44782448    
   7.63999414       1.42500448    
   7.67999411       1.40284526    
   7.71999407       1.38141119    
   7.75999403       1.36075807    
   7.79999399       1.34093356    
   7.83999395       1.32197785    
   7.87999392       1.30392408    
   7.91999388       1.28679883    
   7.95999384       1.27062237    
   7.99999380       1.25540960    
   8.03999424       1.24117017    
   8.07999420       1.22790921    
   8.11999416       1.21562755    
   8.15999413       1.20432234    
   8.19999409       1.19398713    
   8.23999405       1.18461251    
   8.27999401       1.17618620    
   8.31999397       1.16869366    
   8.35999393       1.16211796    
   8.39999390       1.15644014    
   8.43999386       1.15163946    
   8.47999382       1.14769363    
   8.51999378       1.14457870    
   8.55999374       1.14226925    
   8.59999371       1.14073861    
   8.63999367       1.13995886    
   8.67999363       1.13990068    
   8.71999359       1.14053357    
   8.75999355       1.14182568    
   8.79999352       1.14374399    
   8.83999348       1.14625406    
   8.87999344       1.14932001    
   8.91999340       1.15290451    
   8.95999336       1.15696883    
   8.99999332       1.16147232    
   9.03999329       1.16637290    
   9.07999325       1.17162657    
   9.11999321       1.17718744    
   9.15999317       1.18300772    
   9.19999313       1.18903744    
   9.23999310       1.19522464    
   9.27999306       1.20151520    
   9.31999302       1.20785260    
   9.35999298       1.21417844    
   9.39999294       1.22043180    
   9.43999290       1.22654986    
   9.47999287       1.23246753    
   9.51999283       1.23811769    
   9.55999279       1.24343157    
   9.59999275       1.24833858    
   9.63999271       1.25276661    
   9.67999268       1.25664246    
   9.71999264       1.25989187    
   9.75999260       1.26244020    
   9.79999256       1.26421249    
   9.83999252       1.26513398    
   9.87999249       1.26513076    
   9.91999245       1.26413000    
   9.95999241       1.26206052    
   9.99999237       1.25885355    
   10.0399923       1.25444305    
   10.0799923       1.24876642    
   10.1199923       1.24176490    
   10.1599922       1.23338437    
   10.1999922       1.22357559    
   10.2399921       1.21229517    
   10.2799921       1.19950545    
   10.3199921       1.18517542    
   10.3599920       1.16928101    
   10.3999920       1.15180528    
   10.4399920       1.13273871    
   10.4799919       1.11207950    
   10.5199919       1.08983350    
   10.5599918       1.06601453    
   10.5999918       1.04064405    
   10.6399918       1.01375139    
   10.6799917      0.985373080    
   10.7199917      0.955553174    
   10.7599916      0.924342453    
   10.7999916      0.891798437    
   10.8399916      0.857984781    
   10.8799915      0.822970748    
   10.9199915      0.786830962    
   10.9599915      0.749644697    
   10.9999914      0.711495459    
   11.0399914      0.672470450    
   11.0799913      0.632659972    
   11.1199913      0.592157006    
   11.1599913      0.551056564    
   11.1999912      0.509455323    
   11.2399912      0.467451096    
   11.2799911      0.425142318    
   11.3199911      0.382627755    
   11.3599911      0.340005994    
   11.3999910      0.297375113    
   11.4399910      0.254832357    
   11.4799910      0.212473780    
   11.5199909      0.170394003    
   11.5599909      0.128685936    
   11.5999908       8.74405354E-02
   11.6399908       4.67465520E-02
   11.6799908       6.69038296E-03
   11.7199907      -3.26441713E-02
   11.7599907      -7.11760521E-02
   11.7999907     -0.108827069    
   11.8399906     -0.145522118    
   11.8799906     -0.181189284    
   11.9199905     -0.215759978    
   11.9599905     -0.249169052    
   11.9999905     -0.281354934    
   12.0399904     -0.312259734    
   12.0799904     -0.341829360    
   12.1199903     -0.370013565    
   12.1599903     -0.396766067    
   12.1999903     -0.422044665    
   12.2399902     -0.445811212    
   12.2799902     -0.468031764    
   12.3199902     -0.488676488    
   12.3599901     -0.507719755    
   12.3999901     -0.525140166    
   12.4399900     -0.540920556    
   12.4799900     -0.555047750    
   12.5199900     -0.567512751    
   12.5599899     -0.578310549    
   12.5999899     -0.587440073    
   12.6399899     -0.594904006    
   12.6799898     -0.600708604    
   12.7199898     -0.604863703    
   12.7599897     -0.607382298    
   12.7999897     -0.608280599    
   12.8399897     -0.607577741    
   12.8799896     -0.605295420    
   12.9199896     -0.601457834    
   12.9599895     -0.596091330    
   12.9999895     -0.589224339    
   13.0399895     -0.580886960    
   13.0799894     -0.571110845    
   13.1199894     -0.559928775    
   13.1599894     -0.547374666    
   13.1999893     -0.533483267    
   13.2399893     -0.518289804    
   13.2799892     -0.501830041    
   13.3199892     -0.484139979    
   13.3599892     -0.465255588    
   13.3999891     -0.445212901    
   13.4399891     -0.424047679    
   13.4799891     -0.401795447    
   13.5199890     -0.378491312    
   13.5599890     -0.354170024    
   13.5999889     -0.328865796    
   13.6399889     -0.302612394    
   13.6799889     -0.275443107    
   13.7199888     -0.247390747    
   13.7599888     -0.218487710    
   13.7999887     -0.188766062    
   13.8399887     -0.158257559    
   13.8799887     -0.126993805    
   13.9199886      -9.50063094E-02
   13.9599886      -6.23266548E-02
   13.9999886      -2.89866179E-02
   14.0399885       4.98168543E-03
   14.0799885       3.95456254E-02
   14.1199884       7.46719018E-02
   14.1599884      0.110326350    
   14.1999884      0.146473780    
   14.2399883      0.183077767    
   14.2799883      0.220100462    
   14.3199883      0.257502437    
   14.3599882      0.295242488    
   14.3999882      0.333277434    
   14.4399881      0.371561944    
   14.4799881      0.410048395    
   14.5199881      0.448686779    
   14.5599880      0.487424433    
   14.5999880      0.526206136    
   14.6399879      0.564973831    
   14.6799879      0.603666782    
   14.7199879      0.642221332    
   14.7599878      0.680571079    
   14.7999878      0.718646884    
   14.8399878      0.756377041    
   14.8799877      0.793687403    
   14.9199877      0.830501556    
   14.9599876      0.866741180    
   14.9999876      0.902326167    
   15.0399876      0.937175274    
   15.0799875      0.971206427    
   15.1199875       1.00433719    
   15.1599874       1.03648531    
   15.1999874       1.06756938    
   15.2399874       1.09750938    
   15.2799873       1.12622750    
   15.3199873       1.15364873    
   15.3599873       1.17970145    
   15.3999872       1.20431828    
   15.4399872       1.22743702    
   15.4799871       1.24900079    
   15.5199871       1.26895928    
   15.5599871       1.28726900    
   15.5999870       1.30389392    
   15.6399870       1.31880581    
   15.6799870       1.33198488    
   15.7199869       1.34341991    
   15.7599869       1.35310841    
   15.7999868       1.36105680    
   15.8399868       1.36728036    
   15.8799868       1.37180293    
   15.9199867       1.37465692    
   15.9599867       1.37588274    
   15.9999866       1.37552834    
   16.0399876       1.37364888    
   16.0799885       1.37030590    
   16.1199894       1.36556673    
   16.1599903       1.35950363    
   16.1999912       1.35219324    
   16.2399921       1.34371555    
   16.2799931       1.33415318    
   16.3199940       1.32359076    
   16.3599949       1.31211388    
   16.3999958       1.29980850    
   16.4399967       1.28676009    
   16.4799976       1.27305329    
   16.5199986       1.25877094    
   16.5599995       1.24399364    
   16.6000004       1.22879946    
   16.6400013       1.21326339    
   16.6800022       1.19745684    
   16.7200031       1.18144739    
   16.7600040       1.16529894    
   16.8000050       1.14907098    
   16.8400059       1.13281882    
   16.8800068       1.11659336    
   16.9200077       1.10044134    
   16.9600086       1.08440495    
   17.0000095       1.06852233    
   17.0400105       1.05282724    
   17.0800114       1.03734946    
   17.1200123       1.02211487    
   17.1600132       1.00714564    
   17.2000141      0.992460251    
   17.2400150      0.978073835    
   17.2800159      0.963998258    
   17.3200169      0.950242460    
   17.3600178      0.936812520    
   17.4000187      0.923711956    
   17.4400196      0.910941780    
   17.4800205      0.898500860    
   17.5200214      0.886385918    
   17.5600224      0.874591947    
   17.6000233      0.863112152    
   17.6400242      0.851938188    
   17.6800251      0.841060460    
   17.7200260      0.830468059    
   17.7600269      0.820148945    
   17.8000278      0.810090244    
   17.8400288      0.800278187    
   17.8800297      0.790698230    
   17.9200306      0.781335294    
   17.9600315      0.772173762    
   18.0000324      0.763197541    
   18.0400333      0.754390299    
   18.0800343      0.745735288    
   18.1200352      0.737215579    
   18.1600361      0.728814244    
   18.2000370      0.720514059    
   18.2400379      0.712297976    
   18.2800388      0.704148829    
   18.3200397      0.696049511    
   18.3600407      0.687983036    
   18.4000416      0.679932654    
   18.4400425      0.671881616    
   18.4800434      0.663813531    
   18.5200443      0.655712187    
   18.5600452      0.647561729    
   18.6000462      0.639346480    
   18.6400471      0.631051064    
   18.6800480      0.622660518    
   18.7200489      0.614160180    
   18.7600498      0.605535865    
   18.8000507      0.596773803    
   18.8400517      0.587860584    
   18.8800526      0.578783214    
   18.9200535      0.569529295    
   18.9600544      0.560086787    
   19.0000553      0.550444186    
   19.0400562      0.540590584    
   19.0800571      0.530515552    
   19.1200581      0.520209253    
   19.1600590      0.509662449    
   19.2000599      0.498866439    
   19.2400608      0.487813205    
   19.2800617      0.476495326    
   19.3200626      0.464905977    
   19.3600636      0.453039050    
   19.4000645      0.440889120    
   19.4400654      0.428451329    
   19.4800663      0.415721595    
   19.5200672      0.402696490    
   19.5600681      0.389373302    
   19.6000690      0.375749975    
   19.6400700      0.361825168    
   19.6800709      0.347598314    
   19.7200718      0.333069414    
   19.7600727      0.318239242    
   19.8000736      0.303109229    
   19.8400745      0.287681431    
   19.8800755      0.271958590    
   19.9200764      0.255944133    
   19.9600773      0.239641994    
   20.0000782      0.223056749    
   20.0400791      0.206193581    
   20.0800800      0.189058095    
   20.1200809      0.171656504    
   20.1600819      0.153995469    
   20.2000828      0.136082023    
   20.2400837      0.117923632    
   20.2800846       9.95281339E-02
   20.3200855       8.09036344E-02
   20.3600864       6.20584749E-02
   20.4000874       4.30012867E-02
   20.4400883       2.37407945E-02
   20.4800892       4.28584777E-03
   20.5200901      -1.53546352E-02
   20.5600910      -3.51717249E-02
   20.6000919      -5.51565774E-02
   20.6400928      -7.53004178E-02
   20.6800938      -9.55946445E-02
   20.7200947     -0.116030902    
   20.7600956     -0.136601061    
   20.8000965     -0.157297298    
   20.8400974     -0.178112209    
   20.8800983     -0.199038789    
   20.9200993     -0.220070466    
   20.9601002     -0.241201222    
   21.0001011     -0.262425631    
   21.0401020     -0.283738792    
   21.0801029     -0.305136472    
   21.1201038     -0.326615125    
   21.1601048     -0.348171890    
   21.2001057     -0.369804621    
   21.2401066     -0.391511947    
   21.2801075     -0.413293272    
   21.3201084     -0.435148716    
   21.3601093     -0.457079232    
   21.4001102     -0.479086518    
   21.4401112     -0.501173019    
   21.4801121     -0.523342013    
   21.5201130     -0.545597494    
   21.5601139     -0.567944050    
   21.6001148     -0.590387046    
   21.6401157     -0.612932444    
   21.6801167     -0.635586679    
   21.7201176     -0.658356726    
   21.7601185     -0.681249976    
   21.8001194     -0.704274118    
   21.8401203     -0.727437079    
   21.8801212     -0.750746846    
   21.9201221     -0.774211407    
   21.9601231     -0.797838509    
   22.0001240     -0.821635604    
   22.0401249     -0.845609605    
   22.0801258     -0.869766653    
   22.1201267     -0.894112110    
   22.1601276     -0.918650150    
   22.2001286     -0.943383455    
   22.2401295     -0.968313038    
   22.2801304     -0.993438125    
   22.3201313      -1.01875556    
   22.3601322      -1.04425967    
   22.4001331      -1.06994188    
   22.4401340      -1.09579039    
   22.4801350      -1.12178969    
   22.5201359      -1.14792025    
   22.5601368      -1.17415833    
   22.6001377      -1.20047522    
   22.6401386      -1.22683704    
   22.6801395      -1.25320446    
   22.7201405      -1.27953219    
   22.7601414      -1.30576861    
   22.8001423      -1.33185565    
   22.8401432      -1.35772824    
   22.8801441      -1.38331413    
   22.9201450      -1.40853393    
   22.9601460      -1.43330085    
   23.0001469      -1.45752072    
   23.0401478      -1.48109210    
   23.0801487      -1.50390649    
   23.1201496      -1.52584851    
   23.1601505      -1.54679668    
   23.2001514      -1.56662369    
   23.2401524      -1.58519745    
   23.2801533      -1.60238171    
   23.3201542      -1.61803746    
   23.3601551      -1.63202381    
   23.4001560      -1.64419949    
   23.4401569      -1.65442431    
   23.4801579      -1.66256070    
   23.5201588      -1.66847527    
   23.5601597      -1.67204058    
   23.6001606      -1.67313683    
   23.6401615      -1.67165351    
   23.6801624      -1.66749108    
   23.7201633      -1.66056204    
   23.7601643      -1.65079272    
   23.8001652      -1.63812447    
   23.8401661      -1.62251413    
   23.8801670      -1.60393536    
   23.9201679      -1.58237863    
   23.9601688      -1.55785143    
   24.0001698      -1.53037870    
   24.0401707      -1.50000167    
   24.0801716      -1.46677792    
   24.1201725      -1.43078029    
   24.1601734      -1.39209557    
   24.2001743      -1.35082400    
   24.2401752      -1.30707729    
   24.2801762      -1.26097727    
   24.3201771      -1.21265471    
   24.3601780      -1.16224742    
   24.4001789      -1.10989892    
   24.4401798      -1.05575705    
   24.4801807     -0.999972522    
   24.5201817     -0.942697406    
   24.5601826     -0.884084463    
   24.6001835     -0.824285686    
   24.6401844     -0.763451517    
   24.6801853     -0.701730311    
   24.7201862     -0.639267445    
   24.7601871     -0.576205015    
   24.8001881     -0.512681425    
   24.8401890     -0.448831320    
   24.8801899     -0.384785205    
   24.9201908     -0.320669770    
   24.9601917     -0.256607711    
   25.0001926     -0.192717969    
   25.0401936     -0.129115984    
   25.0801945      -6.59137443E-02
   25.1201954      -3.22028995E-03
   25.1601963       5.88581972E-02
   25.2001972      0.120218165    
   25.2401981      0.180758208    
   25.2801991      0.240379080    
   25.3202000      0.298983425    
   25.3602009      0.356475532    
   25.4002018      0.412761390    
   25.4402027      0.467748523    
   25.4802036      0.521346033    
   25.5202045      0.573464751    
   25.5602055      0.624017298    
   25.6002064      0.672918379    
   25.6402073      0.720084965    
   25.6802082      0.765436769    
   25.7202091      0.808896422    
   25.7602100      0.850390077    
   25.8002110      0.889847934    
   25.8402119      0.927204609    
   25.8802128      0.962399781    
   25.9202137      0.995378613    
   25.9602146       1.02609241    
   26.0002155       1.05449903    
   26.0402164       1.08056343    
   26.0802174       1.10425794    
   26.1202183       1.12556291    
   26.1602192       1.14446676    
   26.2002201       1.16096616    
   26.2402210       1.17506635    
   26.2802219       1.18678093    
   26.3202229       1.19613206    
   26.3602238       1.20314991    
   26.4002247       1.20787251    
   26.4402256       1.21034563    
   26.4802265       1.21062183    
   26.5202274       1.20876014    
   26.5602283       1.20482564    
   26.6002293       1.19888830    
   26.6402302       1.19102263    
   26.6802311       1.18130684    
   26.7202320       1.16982186    
   26.7602329       1.15665066    
   26.8002338       1.14187777    
   26.8402348       1.12558782    
   26.8802357       1.10786557    
   26.9202366       1.08879483    
   26.9602375       1.06845772    
   27.0002384       1.04693449    
   27.0402393       1.02430260    
   27.0802402       1.00063646    
   27.1202412      0.976007164    
   27.1602421      0.950481892    
   27.2002430      0.924123645    
   27.2402439      0.896991432    
   27.2802448      0.869139731    
   27.3202457      0.840618491    
   27.3602467      0.811473250    
   27.4002476      0.781745017    
   27.4402485      0.751470268    
   27.4802494      0.720681250    
   27.5202503      0.689405978    
   27.5602512      0.657668233    
   27.6002522      0.625488043    
   27.6402531      0.592881739    
   27.6802540      0.559862077    
   27.7202549      0.526438594    
   27.7602558      0.492617846    
   27.8002567      0.458403438    
   27.8402576      0.423796594    
   27.8802586      0.388796210    
   27.9202595      0.353398979    
   27.9602604      0.317600042    
   28.0002613      0.281392902    
   28.0402622      0.244769648    
   28.0802631      0.207721546    
   28.1202641      0.170238972    
   28.1602650      0.132311687    
   28.2002659       9.39293653E-02
   28.2402668       5.50815463E-02
   28.2802677       1.57578960E-02
   28.3202686      -2.40512304E-02
   28.3602695      -6.43548369E-02
   28.4002705     -0.105160967    
   28.4402714     -0.146476209    
   28.4802723     -0.188305661    
   28.5202732     -0.230652615    
   28.5602741     -0.273518026    
   28.6002750     -0.316900402    
   28.6402760     -0.360795557    
   28.6802769     -0.405195951    
   28.7202778     -0.450090587    
   28.7602787     -0.495464712    
   28.8002796     -0.541299105    
   28.8402805     -0.587569952    
   28.8802814     -0.634248614    
   28.9202824     -0.681300759    
   28.9602833     -0.728686392    
   29.0002842     -0.776359379    
   29.0402851     -0.824266791    
   29.0802860     -0.872349083    
   29.1202869     -0.920539320    
   29.1602879     -0.968763113    
   29.2002888      -1.01693857    
   29.2402897      -1.06497562    
   29.2802906      -1.11277664    
   29.3202915      -1.16023612    
   29.3602924      -1.20724082    
   29.4002934      -1.25367010    
   29.4402943      -1.29939651    
   29.4802952      -1.34428608    
   29.5202961      -1.38819945    
   29.5602970      -1.43099248    
   29.6002979      -1.47251761    
   29.6402988      -1.51262498    
   29.6802998      -1.55116403    
   29.7203007      -1.58798516    
   29.7603016      -1.62294126    
   29.8003025      -1.65588975    
   29.8403034      -1.68669474    
   29.8803043      -1.71522856    
   29.9203053      -1.74137414    
   29.9603062      -1.76502669    
   30.0003071      -1.78609562    
   30.0403080      -1.80450642    
   30.0803089      -1.82020164    
   30.1203098      -1.83314240    
   30.1603107      -1.84330928    
   30.2003117      -1.85070264    
   30.2403126      -1.85534322    
   30.2803135      -1.85727167    
   30.3203144      -1.85654831    
   30.3603153      -1.85325205    
   30.4003162      -1.84747934    
   30.4403172      -1.83934283    
   30.4803181      -1.82896960    
   30.5203190      -1.81649935    
   30.5603199      -1.80208218    
   30.6003208      -1.78587663    
   30.6403217      -1.76804769    
   30.6803226      -1.74876451    
   30.7203236      -1.72819829    
   30.7603245      -1.70652056    
   30.8003254      -1.68390119    
   30.8403263      -1.66050684    
   30.8803272      -1.63649929    
   30.9203281      -1.61203456    
   30.9603291      -1.58726156    
   31.0003300      -1.56232131    
   31.0403309      -1.53734612    
   31.0803318      -1.51245940    
   31.1203327      -1.48777509    
   31.1603336      -1.46339762    
   31.2003345      -1.43942189    
   31.2403355      -1.41593337    
   31.2803364      -1.39300823    
   31.3203373      -1.37071371    
   31.3603382      -1.34910858    
   31.4003391      -1.32824326    
   31.4403400      -1.30816054    
   31.4803410      -1.28889596    
   31.5203419      -1.27047825    
   31.5603428      -1.25292993    
   31.6003437      -1.23626781    
   31.6403446      -1.22050333    
   31.6803455      -1.20564318    
   31.7203465      -1.19168973    
   31.7603474      -1.17864144    
   31.8003483      -1.16649294    
   31.8403492      -1.15523612    
   31.8803501      -1.14485979    
   31.9203510      -1.13535023    
   31.9603519      -1.12669158    
   32.0003510      -1.11886597    
   32.0403519      -1.11185372    
   32.0803528      -1.10563362    
   32.1203537      -1.10018289    
   32.1603546      -1.09547770    
   32.2003555      -1.09149301    
   32.2403564      -1.08820271    
   32.2803574      -1.08557963    
   32.3203583      -1.08359587    
   32.3603592      -1.08222234    
   32.4003601      -1.08142936    
   32.4403610      -1.08118618    
   32.4803619      -1.08146119    
   32.5203629      -1.08222210    
   32.5603638      -1.08343542    
   32.6003647      -1.08506680    
   32.6403656      -1.08708084    
   32.6803665      -1.08944118    
   32.7203674      -1.09211004    
   32.7603683      -1.09504902    
   32.8003693      -1.09821808    
   32.8403702      -1.10157597    
   32.8803711      -1.10508025    
   32.9203720      -1.10868728    
   32.9603729      -1.11235178    
   33.0003738      -1.11602724    
   33.0403748      -1.11966586    
   33.0803757      -1.12321854    
   33.1203766      -1.12663484    
   33.1603775      -1.12986290    
   33.2003784      -1.13285005    
   33.2403793      -1.13554239    
   33.2803802      -1.13788497    
   33.3203812      -1.13982248    
   33.3603821      -1.14129877    
   33.4003830      -1.14225721    
   33.4403839      -1.14264131    
   33.4803848      -1.14239454    
   33.5203857      -1.14146078    
   33.5603867      -1.13978469    
   33.6003876      -1.13731205    
   33.6403885      -1.13398981    
   33.6803894      -1.12976706    
   33.7203903      -1.12459469    
   33.7603912      -1.11842608    
   33.8003922      -1.11121774    
   33.8403931      -1.10292923    
   33.8803940      -1.09352374    
   33.9203949      -1.08296871    
   33.9603958      -1.07123566    
   34.0003967      -1.05830073    
   34.0403976      -1.04414511    
   34.0803986      -1.02875495    
   34.1203995      -1.01212192    
   34.1604004     -0.994243324    
   34.2004013     -0.975121915    
   34.2404022     -0.954766214    
   34.2804031     -0.933190644    
   34.3204041     -0.910415292    
   34.3604050     -0.886465907    
   34.4004059     -0.861373842    
   34.4404068     -0.835175872    
   34.4804077     -0.807914019    
   34.5204086     -0.779635251    
   34.5604095     -0.750391304    
   34.6004105     -0.720238268    
   34.6404114     -0.689236462    
   34.6804123     -0.657449841    
   34.7204132     -0.624945819    
   34.7604141     -0.591794908    
   34.8004150     -0.558070123    
   34.8404160     -0.523846805    
   34.8804169     -0.489202231    
   34.9204178     -0.454215139    
   34.9604187     -0.418965429    
   35.0004196     -0.383533835    
   35.0404205     -0.348001420    
   35.0804214     -0.312449485    
   35.1204224     -0.276959032    
   35.1604233     -0.241610587    
   35.2004242     -0.206483901    
   35.2404251     -0.171657637    
   35.2804260     -0.137209147    
   35.3204269     -0.103214271    
   35.3604279      -6.97470605E-02
   35.4004288      -3.68796140E-02
   35.4404297      -4.68187034E-03
   35.4804306       2.67785676E-02
   35.5204315       5.74365593E-02
   35.5604324       8.72296169E-02
   35.6004333      0.116098017    
   35.6404343      0.143984914    
   35.6804352      0.170836478    
   35.7204361      0.196601957    
   35.7604370      0.221233785    
   35.8004379      0.244687662    
   35.8404388      0.266922593    
   35.8804398      0.287900925    
   35.9204407      0.307588458    
   35.9604416      0.325954378    
   36.0004425      0.342971265    
   36.0404434      0.358615190    
   36.0804443      0.372865587    
   36.1204453      0.385705233    
   36.1604462      0.397120327    
   36.2004471      0.407100230    
   36.2404480      0.415637523    
   36.2804489      0.422727942    
   36.3204498      0.428370148    
   36.3604507      0.432565719    
   36.4004517      0.435319036    
   36.4404526      0.436637133    
   36.4804535      0.436529458    
   36.5204544      0.435007900    
   36.5604553      0.432086557    
   36.6004562      0.427781492    
   36.6404572      0.422110766    
   36.6804581      0.415094137    
   36.7204590      0.406752914    
   36.7604599      0.397109926    
   36.8004608      0.386189222    
   36.8404617      0.374015987    
   36.8804626      0.360616505    
   36.9204636      0.346017897    
   36.9604645      0.330247968    
   37.0004654      0.313335389    
   37.0404663      0.295309246    
   37.0804672      0.276199311    
   37.1204681      0.256035686    
   37.1604691      0.234848797    
   37.2004700      0.212669641    
   37.2404709      0.189529449    
   37.2804718      0.165459692    
   37.3204727      0.140492395    
   37.3604736      0.114659853    
   37.4004745       8.79946873E-02
   37.4404755       6.05301633E-02
   37.4804764       3.22999768E-02
   37.5204773       3.33833136E-03
   37.5604782      -2.63197012E-02
   37.6004791      -5.66383675E-02
   37.6404800      -8.75811279E-02
   37.6804810     -0.119110264    
   37.7204819     -0.151187062    
   37.7604828     -0.183771670    
   37.8004837     -0.216822714    
   37.8404846     -0.250297487    
   37.8804855     -0.284151763    
   37.9204865     -0.318339497    
   37.9604874     -0.352812946    
   38.0004883     -0.387522548    
   38.0404892     -0.422416657    
   38.0804901     -0.457441688    
   38.1204910     -0.492542058    
   38.1604919     -0.527659953    
   38.2004929     -0.562735558    
   38.2404938     -0.597707033    
   38.2804947     -0.632510483    
   38.3204956     -0.667080045    
   38.3604965     -0.701348364    
   38.4004974     -0.735246122    
   38.4404984     -0.768702805    
   38.4804993     -0.801646829    
   38.5205002     -0.834005475    
   38.5605011     -0.865705729    
   38.6005020     -0.896674395    
   38.6405029     -0.926838458    
   38.6805038     -0.956125617    
   38.7205048     -0.984464884    
   38.7605057      -1.01178682    
   38.8005066      -1.03802419    
   38.8405075      -1.06311274    
   38.8805084      -1.08699131    
   38.9205093      -1.10960257    
   38.9605103      -1.13089383    
   39.0005112      -1.15081716    
   39.0405121      -1.16933000    
   39.0805130      -1.18639576    
   39.1205139      -1.20198393    
   39.1605148      -1.21607065    
   39.2005157      -1.22863901    
   39.2405167      -1.23967898    
   39.2805176      -1.24918783    
   39.3205185      -1.25716996    
   39.3605194      -1.26363695    
   39.4005203      -1.26860750    
   39.4405212      -1.27210712    
   39.4805222      -1.27416778    
   39.5205231      -1.27482784    
   39.5605240      -1.27413130    
   39.6005249      -1.27212751    
   39.6405258      -1.26887059    
   39.6805267      -1.26441896    
   39.7205276      -1.25883448    
   39.7605286      -1.25218213    
   39.8005295      -1.24452913    
   39.8405304      -1.23594475    
   39.8805313      -1.22649908    
   39.9205322      -1.21626282    
   39.9605331      -1.20530677    
   40.0005341      -1.19370103    
   40.0405350      -1.18151474    
   40.0805359      -1.16881549    
   40.1205368      -1.15566897    
   40.1605377      -1.14213848    
   40.2005386      -1.12828469    
   40.2405396      -1.11416554    
   40.2805405      -1.09983587    
   40.3205414      -1.08534706    
   40.3605423      -1.07074726    
   40.4005432      -1.05608106    
   40.4405441      -1.04138958    
   40.4805450      -1.02671027    
   40.5205460      -1.01207709    
   40.5605469     -0.997520626    
   40.6005478     -0.983067811    
   40.6405487     -0.968742371    
   40.6805496     -0.954564750    
   40.7205505     -0.940552235    
   40.7605515     -0.926719248    
   40.8005524     -0.913077295    
   40.8405533     -0.899635077    
   40.8805542     -0.886398971    
   40.9205551     -0.873372793    
   40.9605560     -0.860558152    
   41.0005569     -0.847954690    
   41.0405579     -0.835559905    
   41.0805588     -0.823369741    
   41.1205597     -0.811378419    
   41.1605606     -0.799578547    
   41.2005615     -0.787961543    
   41.2405624     -0.776517510    
   41.2805634     -0.765235364    
   41.3205643     -0.754103184    
   41.3605652     -0.743108034    
   41.4005661     -0.732236147    
   41.4405670     -0.721473217    
   41.4805679     -0.710804284    
   41.5205688     -0.700213730    
   41.5605698     -0.689685643    
   41.6005707     -0.679203749    
   41.6405716     -0.668751359    
   41.6805725     -0.658311665    
   41.7205734     -0.647867620    
   41.7605743     -0.637401998    
   41.8005753     -0.626897633    
   41.8405762     -0.616337240    
   41.8805771     -0.605703473    
   41.9205780     -0.594979227    
   41.9605789     -0.584147334    
   42.0005798     -0.573190689    
   42.0405807     -0.562092602    
   42.0805817     -0.550836325    
   42.1205826     -0.539405346    
   42.1605835     -0.527783453    
   42.2005844     -0.515954733    
   42.2405853     -0.503903389    
   42.2805862     -0.491614103    
   42.3205872     -0.479071796    
   42.3605881     -0.466261625    
   42.4005890     -0.453169256    
   42.4405899     -0.439780653    
   42.4805908     -0.426082075    
   42.5205917     -0.412060291    
   42.5605927     -0.397702426    
   42.6005936     -0.382995903    
   42.6405945     -0.367928714    
   42.6805954     -0.352489203    
   42.7205963     -0.336666018    
   42.7605972     -0.320448369    
   42.8005981     -0.303825855    
   42.8405991     -0.286788344    
   42.8806000     -0.269326270    
   42.9206009     -0.251430422    
   42.9606018     -0.233091846    
   43.0006027     -0.214302123    
   43.0406036     -0.195053026    
   43.0806046     -0.175336823    
   43.1206055     -0.155146018    
   43.1606064     -0.134473294    
   43.2006073     -0.113311768    
   43.2406082      -9.16546881E-02
   43.2806091      -6.94954321E-02
   43.3206100      -4.68276814E-02
   43.3606110      -2.36451663E-02
   43.4006119       5.83697110E-05
   43.4406128       2.42889989E-02
   43.4806137       4.90528569E-02
   43.5206146       7.43561983E-02
   43.5606155      0.100205220    
   43.6006165      0.126606330    
   43.6406174      0.153566137    
   43.6806183      0.181091353    
   43.7206192      0.209189013    
   43.7606201      0.237866461    
   43.8006210      0.267131269    
   43.8406219      0.296991408    
   43.8806229      0.327455223    
   43.9206238      0.358531386    
   43.9606247      0.390228927    
   44.0006256      0.422557324    
   44.0406265      0.455526263    
   44.0806274      0.489145786    
   44.1206284      0.523426175    
   44.1606293      0.558377862    
   44.2006302      0.594011307    
   44.2406311      0.630336881    
   44.2806320      0.667364776    
   44.3206329      0.705104649    
   44.3606339      0.743565619    
   44.4006348      0.782755792    
   44.4406357      0.822682023    
   44.4806366      0.863349617    
   44.5206375      0.904761791    
   44.5606384      0.946919382    
   44.6006393      0.989820123    
   44.6406403       1.03345811    
   44.6806412       1.07782340    
   44.7206421       1.12290084    
   44.7606430       1.16866958    
   44.8006439       1.21510243    
   44.8406448       1.26216447    
   44.8806458       1.30981255    
   44.9206467       1.35799408    
   44.9606476       1.40664601    
   45.0006485       1.45569408    
   45.0406494       1.50505126    
   45.0806503       1.55461752    
   45.1206512       1.60427833    
   45.1606522       1.65390408    
   45.2006531       1.70334959    
   45.2406540       1.75245333    
   45.2806549       1.80103755    
   45.3206558       1.84890807    
   45.3606567       1.89585495    
   45.4006577       1.94165313    
   45.4406586       1.98606384    
   45.4806595       2.02883625    
   45.5206604       2.06970930    
   45.5606613       2.10841537    
   45.6006622       2.14468265    
   45.6406631       2.17823911    
   45.6806641       2.20881653    
   45.7206650       2.23615503    
   45.7606659       2.26000714    
   45.8006668       2.28014326    
   45.8406677       2.29635572    
   45.8806686       2.30846310    
   45.9206696       2.31631470    
   45.9606705       2.31979299    
   46.0006714       2.31881738    
   46.0406723       2.31334567    
   46.0806732       2.30337501    
   46.1206741       2.28894210    
   46.1606750       2.27012205    
   46.2006760       2.24702692    
   46.2406769       2.21980309    
   46.2806778       2.18862796    
   46.3206787       2.15370560    
   46.3606796       2.11526251    
   46.4006805       2.07354331    
   46.4406815       2.02880573    
   46.4806824       1.98131561    
   46.5206833       1.93134272    
   46.5606842       1.87915635    
   46.6006851       1.82502127    
   46.6406860       1.76919460    
   46.6806870       1.71192288    
   46.7206879       1.65343916    
   46.7606888       1.59396183    
   46.8006897       1.53369284    
   46.8406906       1.47281659    
   46.8806915       1.41149986    
   46.9206924       1.34989154    
   46.9606934       1.28812253    
   47.0006943       1.22630680    
   47.0406952       1.16454124    
   47.0806961       1.10290754    
   47.1206970       1.04147208    
   47.1606979      0.980287671    
   47.2006989      0.919394553    
   47.2406998      0.858821392    
   47.2807007      0.798586369    
   47.3207016      0.738698483    
   47.3607025      0.679158449    
   47.4007034      0.619959712    
   47.4407043      0.561089575    
   47.4807053      0.502529979    
   47.5207062      0.444258362    
   47.5607071      0.386248618    
   47.6007080      0.328471631    
   47.6407089      0.270895988    
   47.6807098      0.213488907    
   47.7207108      0.156216472    
   47.7607117       9.90443379E-02
   47.8007126       4.19384167E-02
   47.8407135      -1.51348263E-02
   47.8807144      -7.22078905E-02
   47.9207153     -0.129311502    
   47.9607162     -0.186474442    
   48.0007172     -0.243722945    
   48.0407181     -0.301080346    
   48.0807190     -0.358566403    
   48.1207199     -0.416196793    
   48.1607208     -0.473983020    
   48.2007217     -0.531931460    
   48.2407227     -0.590042770    
   48.2807236     -0.648311913    
   48.3207245     -0.706726968    
   48.3607254     -0.765268564    
   48.4007263     -0.823909760    
   48.4407272     -0.882614970    
   48.4807281     -0.941339433    
   48.5207291      -1.00002873    
   48.5607300      -1.05861831    
   48.6007309      -1.11703241    
   48.6407318      -1.17518437    
   48.6807327      -1.23297584    
   48.7207336      -1.29029632    
   48.7607346      -1.34702373    
   48.8007355      -1.40302372    
   48.8407364      -1.45815039    
   48.8807373      -1.51224673    
   48.9207382      -1.56514525    
   48.9607391      -1.61666918    
   49.0007401      -1.66663373    
   49.0407410      -1.71484780    
   49.0807419      -1.76111579    
   49.1207428      -1.80523992    
   49.1607437      -1.84702313    
   49.2007446      -1.88627148    
   49.2407455      -1.92279720    
   49.2807465      -1.95642209    
   49.3207474      -1.98698056    
   49.3607483      -2.01432276    
   49.4007492      -2.03831744    
   49.4407501      -2.05885530    
   49.4807510      -2.07585120    
   49.5207520      -2.08924603    
   49.5607529      -2.09900856    
   49.6007538      -2.10513663    
   49.6407547      -2.10765696    
   49.6807556      -2.10662603    
   49.7207565      -2.10212851    
   49.7607574      -2.09427571    
   49.8007584      -2.08320475    
   49.8407593      -2.06907463    
   49.8807602      -2.05206513    
   49.9207611      -2.03237224    
   49.9607620      -2.01020575    
   50.0007629      -1.98578584    
   50.0407639      -1.95933914    
   50.0807648      -1.93109620    
   50.1207657      -1.90128767    
   50.1607666      -1.87014186    
   50.2007675      -1.83788216    
   50.2407684      -1.80472434    
   50.2807693      -1.77087510    
   50.3207703      -1.73653030    
   50.3607712      -1.70187342    
   50.4007721      -1.66707492    
   50.4407730      -1.63229191    
   50.4807739      -1.59766698    
   50.5207748      -1.56332898    
   50.5607758      -1.52939260    
   50.6007767      -1.49595881    
   50.6407776      -1.46311545    
   50.6807785      -1.43093765    
   50.7207794      -1.39948857    
   50.7607803      -1.36882019    
   50.8007812      -1.33897400    
   50.8407822      -1.30998170    
   50.8807831      -1.28186631    
   50.9207840      -1.25464284    
   50.9607849      -1.22831869    
   51.0007858      -1.20289505    
   51.0407867      -1.17836738    
   51.0807877      -1.15472555    
   51.1207886      -1.13195539    
   51.1607895      -1.11003864    
   51.2007904      -1.08895361    
   51.2407913      -1.06867576    
   51.2807922      -1.04917836    
   51.3207932      -1.03043234    
   51.3607941      -1.01240730    
   51.4007950     -0.995071471    
   51.4407959     -0.978391945    
   51.4807968     -0.962335229    
   51.5207977     -0.946867526    
   51.5607986     -0.931954384    
   51.6007996     -0.917561591    
   51.6408005     -0.903654993    
   51.6808014     -0.890200496    
   51.7208023     -0.877164423    
   51.7608032     -0.864513814    
   51.8008041     -0.852215827    
   51.8408051     -0.840238512    
   51.8808060     -0.828550756    
   51.9208069     -0.817121923    
   51.9608078     -0.805922270    
   52.0008087     -0.794923186    
   52.0408096     -0.784096658    
   52.0808105     -0.773415685    
   52.1208115     -0.762854457    
   52.1608124     -0.752387881    
   52.2008133     -0.741991997    
   52.2408142     -0.731644154    
   52.2808151     -0.721322298    
   52.3208160     -0.711005807    
   52.3608170     -0.700675189    
   52.4008179     -0.690311849    
   52.4408188     -0.679898500    
   52.4808197     -0.669419110    
   52.5208206     -0.658858597    
   52.5608215     -0.648203135    
   52.6008224     -0.637440324    
   52.6408234     -0.626558661    
   52.6808243     -0.615548015    
   52.7208252     -0.604399621    
   52.7608261     -0.593105733    
   52.8008270     -0.581659973    
   52.8408279     -0.570057273    
   52.8808289     -0.558293700    
   52.9208298     -0.546366632    
   52.9608307     -0.534274876    
   53.0008316     -0.522018194    
   53.0408325     -0.509597838    
   53.0808334     -0.497016311    
   53.1208344     -0.484277129    
   53.1608353     -0.471385211    
   53.2008362     -0.458346754    
   53.2408371     -0.445168912    
   53.2808380     -0.431860119    
   53.3208389     -0.418430030    
   53.3608398     -0.404889226    
   53.4008408     -0.391249448    
   53.4408417     -0.377523512    
   53.4808426     -0.363725096    
   53.5208435     -0.349868923    
   53.5608444     -0.335970700    
   53.6008453     -0.322046816    
   53.6408463     -0.308114529    
   53.6808472     -0.294191957    
   53.7208481     -0.280297786    
   53.7608490     -0.266451418    
   53.8008499     -0.252672881    
   53.8408508     -0.238982663    
   53.8808517     -0.225401744    
   53.9208527     -0.211951569    
   53.9608536     -0.198653892    
   54.0008545     -0.185530782    
   54.0408554     -0.172604561    
   54.0808563     -0.159897760    
   54.1208572     -0.147432983    
   54.1608582     -0.135232955    
   54.2008591     -0.123320393    
   54.2408600     -0.111717999    
   54.2808609     -0.100448377    
   54.3208618      -8.95339996E-02
   54.3608627      -7.89971948E-02
   54.4008636      -6.88600391E-02
   54.4408646      -5.91443479E-02
   54.4808655      -4.98716719E-02
   54.5208664      -4.10632230E-02
   54.5608673      -3.27398032E-02
   54.6008682      -2.49218959E-02
   54.6408691      -1.76295396E-02
   54.6808701      -1.08822528E-02
   54.7208710      -4.69923206E-03
   54.7608719       9.00884159E-04
   54.8008728       5.90000907E-03
   54.8408737       1.02804257E-02
   54.8808746       1.40250139E-02
   54.9208755       1.71172544E-02
   54.9608765       1.95409935E-02
   55.0008774       2.12806985E-02
   55.0408783       2.23214738E-02
   55.0808792       2.26487722E-02
   55.1208801       2.22486909E-02
   55.1608810       2.11079754E-02
   55.2008820       1.92136988E-02
   55.2408829       1.65535845E-02
   55.2808838       1.31160244E-02
   55.3208847       8.88971239E-03
   55.3608856       3.86401359E-03
   55.4008865      -1.97102595E-03
   55.4408875      -8.62505659E-03
   55.4808884      -1.61070395E-02
   55.5208893      -2.44252086E-02
   55.5608902      -3.35874893E-02
   55.6008911      -4.36010510E-02
   55.6408920      -5.44722863E-02
   55.6808929      -6.62072226E-02
   55.7208939      -7.88110495E-02
   55.7608948      -9.22880620E-02
   55.8008957     -0.106642112    
   55.8408966     -0.121876068    
   55.8808975     -0.137991756    
   55.9208984     -0.154990405    
   55.9608994     -0.172872066    
   56.0009003     -0.191635549    
   56.0409012     -0.211278796    
   56.0809021     -0.231798351    
   56.1209030     -0.253189176    
   56.1609039     -0.275445163    
   56.2009048     -0.298558354    
   56.2409058     -0.322518945    
   56.2809067     -0.347315580    
   56.3209076     -0.372934699    
   56.3609085     -0.399360389    
   56.4009094     -0.426574767    
   56.4409103     -0.454557240    
   56.4809113     -0.483284324    
   56.5209122     -0.512730062    
   56.5609131     -0.542865157    
   56.6009140     -0.573656976    
   56.6409149     -0.605069697    
   56.6809158     -0.637063801    
   56.7209167     -0.669595659    
   56.7609177     -0.702618062    
   56.8009186     -0.736079454    
   56.8409195     -0.769923866    
   56.8809204     -0.804091334    
   56.9209213     -0.838517129    
   56.9609222     -0.873131931    
   57.0009232     -0.907862186    
   57.0409241     -0.942629695    
   57.0809250     -0.977351725    
   57.1209259      -1.01194167    
   57.1609268      -1.04630864    
   57.2009277      -1.08035803    
   57.2409286      -1.11399209    
   57.2809296      -1.14711010    
   57.3209305      -1.17960882    
   57.3609314      -1.21138358    
   57.4009323      -1.24232864    
   57.4409332      -1.27233779    
   57.4809341      -1.30130577    
   57.5209351      -1.32912862    
   57.5609360      -1.35570502    
   57.6009369      -1.38093710    
   57.6409378      -1.40473175    
   57.6809387      -1.42700124    
   57.7209396      -1.44766486    
   57.7609406      -1.46664917    
   57.8009415      -1.48388958    
   57.8409424      -1.49933088    
   57.8809433      -1.51292813    
   57.9209442      -1.52464724    
   57.9609451      -1.53446567    
   58.0009460      -1.54237258    
   58.0409470      -1.54836905    
   58.0809479      -1.55246794    
   58.1209488      -1.55469441    
   58.1609497      -1.55508494    
   58.2009506      -1.55368698    
   58.2409515      -1.55055881    
   58.2809525      -1.54576814    
   58.3209534      -1.53939164    
   58.3609543      -1.53151405    
   58.4009552      -1.52222669    
   58.4409561      -1.51162684    
   58.4809570      -1.49981642    
   58.5209579      -1.48690093    
   58.5609589      -1.47298801    
   58.6009598      -1.45818686    
   58.6409607      -1.44260693    
   58.6809616      -1.42635691    
   58.7209625      -1.40954387    
   58.7609634      -1.39227271    
   58.8009644      -1.37464488    
   58.8409653      -1.35675836    
   58.8809662      -1.33870673    
   58.9209671      -1.32057893    
   58.9609680      -1.30245876    
   59.0009689      -1.28442490    
   59.0409698      -1.26655042    
   59.0809708      -1.24890304    
   59.1209717      -1.23154461    
   59.1609726      -1.21453166    
   59.2009735      -1.19791520    
   59.2409744      -1.18174076    
   59.2809753      -1.16604912    
   59.3209763      -1.15087569    
   59.3609772      -1.13625145    
   59.4009781      -1.12220287    
   59.4409790      -1.10875213    
   59.4809799      -1.09591734    
   59.5209808      -1.08371329    
   59.5609818      -1.07215118    
   59.6009827      -1.06123900    
   59.6409836      -1.05098212    
   59.6809845      -1.04138291    
   59.7209854      -1.03244162    
   59.7609863      -1.02415645    
   59.8009872      -1.01652348    
   59.8409882      -1.00953698    
   59.8809891      -1.00318992    
   59.9209900     -0.997473657    
   59.9609909     -0.992378414    
   60.0009918     -0.987893403    
   60.0409927     -0.984006703    
   60.0809937     -0.980705619    
   60.1209946     -0.977976859    
   60.1609955     -0.975806177    
   60.2009964     -0.974178851    
   60.2409973     -0.973079741    
   60.2809982     -0.972492874    
   60.3209991     -0.972401917    
   60.3610001     -0.972790241    
   60.4010010     -0.973640501    
   60.4410019     -0.974934936    
   60.4810028     -0.976655483    
   60.5210037     -0.978783250    
   60.5610046     -0.981298983    
   60.6010056     -0.984183013    
   60.6410065     -0.987414658    
   60.6810074     -0.990972757    
   60.7210083     -0.994835556    
   60.7610092     -0.998980165    
   60.8010101      -1.00338304    
   60.8410110      -1.00801980    
   60.8810120      -1.01286483    
   60.9210129      -1.01789141    
   60.9610138      -1.02307212    
   61.0010147      -1.02837777    
   61.0410156      -1.03377819    
   61.0810165      -1.03924215    
   61.1210175      -1.04473650    
   61.1610184      -1.05022693    
   61.2010193      -1.05567777    
   61.2410202      -1.06105185    
   61.2810211      -1.06631029    
   61.3210220      -1.07141328    
   61.3610229      -1.07631898    
   61.4010239      -1.08098435    
   61.4410248      -1.08536541    
   61.4810257      -1.08941638    
   61.5210266      -1.09309053    
   61.5610275      -1.09634042    
   61.6010284      -1.09911716    
   61.6410294      -1.10137165    
   61.6810303      -1.10305429    
   61.7210312      -1.10411501    
   61.7610321      -1.10450375    
   61.8010330      -1.10417104    
   61.8410339      -1.10306764    
   61.8810349      -1.10114527    
   61.9210358      -1.09835708    
   61.9610367      -1.09465730    
   62.0010376      -1.09000254    
   62.0410385      -1.08435142    
   62.0810394      -1.07766533    
   62.1210403      -1.06990850    
   62.1610413      -1.06104839    
   62.2010422      -1.05105650    
   62.2410431      -1.03990781    
   62.2810440      -1.02758181    
   62.3210449      -1.01406264    
   62.3610458     -0.999338865    
   62.4010468     -0.983404219    
   62.4410477     -0.966257751    
   62.4810486     -0.947903395    
   62.5210495     -0.928350568    
   62.5610504     -0.907614231    
   62.6010513     -0.885714471    
   62.6410522     -0.862676740    
   62.6810532     -0.838531911    
   62.7210541     -0.813315630    
   62.7610550     -0.787068665    
   62.8010559     -0.759836614    
   62.8410568     -0.731669188    
   62.8810577     -0.702620566    
   62.9210587     -0.672748864    
   62.9610596     -0.642115593    
   63.0010605     -0.610785604    
   63.0410614     -0.578826725    
   63.0810623     -0.546309292    
   63.1210632     -0.513305783    
   63.1610641     -0.479890734    
   63.2010651     -0.446139991    
   63.2410660     -0.412130624    
   63.2810669     -0.377940536    
   63.3210678     -0.343648076    
   63.3610687     -0.309331715    
   63.4010696     -0.275069892    
   63.4410706     -0.240940511    
   63.4810715     -0.207020789    
   63.5210724     -0.173387021    
   63.5610733     -0.140114248    
   63.6010742     -0.107276052    
   63.6410751      -7.49443993E-02
   63.6810760      -4.31893617E-02
   63.7210770      -1.20789651E-02
   63.7610779       1.83210187E-02
   63.8010788       4.79471609E-02
   63.8410797       7.67385289E-02
   63.8810806      0.104636908    
   63.9210815      0.131586790    
   63.9610825      0.157535627    
   64.0010834      0.182433829    
   64.0410843      0.206234843    
   64.0810852      0.228895277    
   64.1210861      0.250374943    
   64.1610870      0.270636886    
   64.2010880      0.289647430    
   64.2410889      0.307376206    
   64.2810898      0.323796093    
   64.3210907      0.338883311    
   64.3610916      0.352617413    
   64.4010925      0.364981055    
   64.4410934      0.375960201    
   64.4810944      0.385544002    
   64.5210953      0.393724501    
   64.5610962      0.400496840    
   64.6010971      0.405859172    
   64.6410980      0.409812182    
   64.6810989      0.412359357    
   64.7210999      0.413506866    
   64.7611008      0.413263023    
   64.8011017      0.411638528    
   64.8411026      0.408646435    
   64.8811035      0.404301465    
   64.9211044      0.398620337    
   64.9611053      0.391621619    
   65.0011063      0.383325130    
   65.0411072      0.373752266    
   65.0811081      0.362925917    
   65.1211090      0.350869745    
   65.1611099      0.337608606    
   65.2011108      0.323168486    
   65.2411118      0.307575822    
   65.2811127      0.290857941    
   65.3211136      0.273043007    
   65.3611145      0.254159421    
   65.4011154      0.234236255    
   65.4411163      0.213303208    
   65.4811172      0.191390127    
   65.5211182      0.168527439    
   65.5611191      0.144746184    
   65.6011200      0.120077498    
   65.6411209       9.45531651E-02
   65.6811218       6.82056546E-02
   65.7211227       4.10676226E-02
   65.7611237       1.31725352E-02
   65.8011246      -1.54452343E-02
   65.8411255      -4.47509401E-02
   65.8811264      -7.47087747E-02
   65.9211273     -0.105281770    
   65.9611282     -0.136432290    
   66.0011292     -0.168121308    
   66.0411301     -0.200308517    
   66.0811310     -0.232952029    
   66.1211319     -0.266008824    
   66.1611328     -0.299434096    
   66.2011337     -0.333181143    
   66.2411346     -0.367201805    
   66.2811356     -0.401445866    
   66.3211365     -0.435860962    
   66.3611374     -0.470393121    
   66.4011383     -0.504986167    
   66.4411392     -0.539581597    
   66.4811401     -0.574119389    
   66.5211411     -0.608537316    
   66.5611420     -0.642771006    
   66.6011429     -0.676754653    
   66.6411438     -0.710420668    
   66.6811447     -0.743699849    
   66.7211456     -0.776522040    
   66.7611465     -0.808815897    
   66.8011475     -0.840509295    
   66.8411484     -0.871530056    
   66.8811493     -0.901805937    
   66.9211502     -0.931264937    
   66.9611511     -0.959836304    
   67.0011520     -0.987450480    
   67.0411530      -1.01403975    
   67.0811539      -1.03953898    
   67.1211548      -1.06388581    
   67.1611557      -1.08702135    
   67.2011566      -1.10889101    
   67.2411575      -1.12944448    
   67.2811584      -1.14863646    
   67.3211594      -1.16642725    
   67.3611603      -1.18278289    
   67.4011612      -1.19767559    
   67.4411621      -1.21108437    
   67.4811630      -1.22299492    
   67.5211639      -1.23339987    
   67.5611649      -1.24229884    
   67.6011658      -1.24969864    
   67.6411667      -1.25561297    
   67.6811676      -1.26006234    
   67.7211685      -1.26307392    
   67.7611694      -1.26468110    
   67.8011703      -1.26492321    
   67.8411713      -1.26384521    
   67.8811722      -1.26149690    
   67.9211731      -1.25793278    
   67.9611740      -1.25321102    
   68.0011749      -1.24739325    
   68.0411758      -1.24054396    
   68.0811768      -1.23272955    
   68.1211777      -1.22401810    
   68.1611786      -1.21447849    
   68.2011795      -1.20418000    
   68.2411804      -1.19319177    
   68.2811813      -1.18158221    
   68.3211823      -1.16941845    
   68.3611832      -1.15676630    
   68.4011841      -1.14368927    
   68.4411850      -1.13024867    
   68.4811859      -1.11650312    
   68.5211868      -1.10250843    
   68.5611877      -1.08831728    
   68.6011887      -1.07397926    
   68.6411896      -1.05954051    
   68.6811905      -1.04504359    
   68.7211914      -1.03052783    
   68.7611923      -1.01602900    
   68.8011932      -1.00157928    
   68.8411942     -0.987207651    
   68.8811951     -0.972939551    
   68.9211960     -0.958797276    
   68.9611969     -0.944800079    
   69.0011978     -0.930964053    
   69.0411987     -0.917302370    
   69.0811996     -0.903825581    
   69.1212006     -0.890541494    
   69.1612015     -0.877455533    
   69.2012024     -0.864570916    
   69.2412033     -0.851888478    
   69.2812042     -0.839407146    
   69.3212051     -0.827124119    
   69.3612061     -0.815034628    
   69.4012070     -0.803132474    
   69.4412079     -0.791410089    
   69.4812088     -0.779858351    
   69.5212097     -0.768467128    
   69.5612106     -0.757225275    
   69.6012115     -0.746120453    
   69.6412125     -0.735139608    
   69.6812134     -0.724269032    
   69.7212143     -0.713494062    
   69.7612152     -0.702799678    
   69.8012161     -0.692170441    
   69.8412170     -0.681590140    
   69.8812180     -0.671042502    
   69.9212189     -0.660511017    
   69.9612198     -0.649978638    
   70.0012207     -0.639428318    
   70.0412216     -0.628842890    
   70.0812225     -0.618205309    
   70.1212234     -0.607498169    
   70.1612244     -0.596704125    
   70.2012253     -0.585806251    
   70.2412262     -0.574787199    
   70.2812271     -0.563630044    
   70.3212280     -0.552318037    
   70.3612289     -0.540834427    
   70.4012299     -0.529162705    
   70.4412308     -0.517286837    
   70.4812317     -0.505190730    
   70.5212326     -0.492858589    
   70.5612335     -0.480275214    
   70.6012344     -0.467425317    
   70.6412354     -0.454294086    
   70.6812363     -0.440867275    
   70.7212372     -0.427130610    
   70.7612381     -0.413070351    
   70.8012390     -0.398673296    
   70.8412399     -0.383926332    
   70.8812408     -0.368816853    
   70.9212418     -0.353332818    
   70.9612427     -0.337462246    
   71.0012436     -0.321193695    
   71.0412445     -0.304516315    
   71.0812454     -0.287419289    
   71.1212463     -0.269892365    
   71.1612473     -0.251925856    
   71.2012482     -0.233510047    
   71.2412491     -0.214635774    
   71.2812500     -0.195294350    
   71.3212509     -0.175477087    
   71.3612518     -0.155175775    
   71.4012527     -0.134382650    
   71.4412537     -0.113089792    
   71.4812546      -9.12897214E-02
   71.5212555      -6.89752996E-02
   71.5612564      -4.61392142E-02
   71.6012573      -2.27744207E-02
   71.6412582       1.12588704E-03
   71.6812592       2.55687591E-02
   71.7212601       5.05611002E-02
   71.7612610       7.61097595E-02
   71.8012619      0.102221884    
   71.8412628      0.128904626    
   71.8812637      0.156165197    
   71.9212646      0.184011236    
   71.9612656      0.212450475    
   72.0012665      0.241490841    
   72.0412674      0.271140724    
   72.0812683      0.301408768    
   72.1212692      0.332303792    
   72.1612701      0.363835186    
   72.2012711      0.396012515    
   72.2412720      0.428845614    
   72.2812729      0.462344766    
   72.3212738      0.496520340    
   72.3612747      0.531382799    
   72.4012756      0.566942871    
   72.4412766      0.603211045    
   72.4812775      0.640197635    
   72.5212784      0.677912652    
   72.5612793      0.716365457    
   72.6012802      0.755564570    
   72.6412811      0.795517385    
   72.6812820      0.836229742    
   72.7212830      0.877705693    
   72.7612839      0.919947028    
   72.8012848      0.962952554    
   72.8412857       1.00671780    
   72.8812866       1.05123436    
   72.9212875       1.09648907    
   72.9612885       1.14246321    
   73.0012894       1.18913209    
   73.0412903       1.23646355    
   73.0812912       1.28441763    
   73.1212921       1.33294523    
   73.1612930       1.38198709    
   73.2012939       1.43147314    
   73.2412949       1.48132110    
   73.2812958       1.53143549    
   73.3212967       1.58170700    
   73.3612976       1.63201129    
   73.4012985       1.68220854    
   73.4412994       1.73214269    
   73.4813004       1.78164124    
   73.5213013       1.83051515    
   73.5613022       1.87855935    
   73.6013031       1.92555296    
   73.6413040       1.97126079    
   73.6813049       2.01543474    
   73.7213058       2.05781555    
   73.7613068       2.09813595    
   73.8013077       2.13612318    
   73.8413086       2.17150283    
   73.8813095       2.20400286    
   73.9213104       2.23335767    
   73.9613113       2.25931263    
   74.0013123       2.28162932    
   74.0413132       2.30008960    
   74.0813141       2.31450033    
   74.1213150       2.32469797    
   74.1613159       2.33055162    
   74.2013168       2.33196664    
   74.2413177       2.32888651    
   74.2813187       2.32129431    
   74.3213196       2.30921340    
   74.3613205       2.29270625    
   74.4013214       2.27187395    
   74.4413223       2.24685335    
   74.4813232       2.21781325    
   74.5213242       2.18495154    
   74.5613251       2.14849067    
   74.6013260       2.10867262    
   74.6413269       2.06575441    
   74.6813278       2.02000356    
   74.7213287       1.97169244    
   74.7613297       1.92109442    
   74.8013306       1.86847997    
   74.8413315       1.81411242    
   74.8813324       1.75824523    
   74.9213333       1.70111966    
   74.9613342       1.64296174    
   75.0013351       1.58398139    
   75.0413361       1.52437162    
   75.0813370       1.46430671    
   75.1213379       1.40394318    
   75.1613388       1.34341955    
   75.2013397       1.28285599    
   75.2413406       1.22235584    
   75.2813416       1.16200626    
   75.3213425       1.10187864    
   75.3613434       1.04203022    
   75.4013443      0.982505023    
   75.4413452      0.923334777    
   75.4813461      0.864540219    
   75.5213470      0.806132555    
   75.5613480      0.748113751    
   75.6013489      0.690478265    
   75.6413498      0.633213937    
   75.6813507      0.576302469    
   75.7213516      0.519720852    
   75.7613525      0.463442057    
   75.8013535      0.407435328    
   75.8413544      0.351667404    
   75.8813553      0.296103179    
   75.9213562      0.240705684    
   75.9613571      0.185437277    
   76.0013580      0.130260035    
   76.0413589       7.51357973E-02
   76.0813599       2.00270191E-02
   76.1213608      -3.51026803E-02
   76.1613617      -9.02886689E-02
   76.2013626     -0.145564422    
   76.2413635     -0.200961053    
   76.2813644     -0.256507486    
   76.3213654     -0.312229514    
   76.3613663     -0.368149340    
   76.4013672     -0.424285650    
   76.4413681     -0.480652690    
   76.4813690     -0.537259758    
   76.5213699     -0.594111085    
   76.5613708     -0.651205063    
   76.6013718     -0.708533466    
   76.6413727     -0.766081274    
   76.6813736     -0.823825717    
   76.7213745     -0.881735802    
   76.7613754     -0.939771712    
   76.8013763     -0.997884095    
   76.8413773      -1.05601335    
   76.8813782      -1.11408925    
   76.9213791      -1.17203021    
   76.9613800      -1.22974300    
   77.0013809      -1.28712225    
   77.0413818      -1.34405005    
   77.0813828      -1.40039623    
   77.1213837      -1.45601833    
   77.1613846      -1.51076162    
   77.2013855      -1.56446004    
   77.2413864      -1.61693692    
   77.2813873      -1.66800606    
   77.3213882      -1.71747339    
   77.3613892      -1.76513851    
   77.4013901      -1.81079721    
   77.4413910      -1.85424340    
   77.4813919      -1.89527249    
   77.5213928      -1.93368387    
   77.5613937      -1.96928442    
   77.6013947      -2.00189185    
   77.6413956      -2.03133774    
   77.6813965      -2.05747128    
   77.7213974      -2.08016181    
   77.7613983      -2.09930253    
   77.8013992      -2.11481237    
   77.8414001      -2.12663841    
   77.8814011      -2.13475680    
   77.9214020      -2.13917422    
   77.9614029      -2.13992834    
   78.0014038      -2.13708639    
   78.0414047      -2.13074541    
   78.0814056      -2.12102962    
   78.1214066      -2.10808849    
   78.1614075      -2.09209442    
   78.2014084      -2.07323909    
   78.2414093      -2.05173063    
   78.2814102      -2.02778983    
   78.3214111      -2.00164676    
   78.3614120      -1.97353709    
   78.4014130      -1.94369876    
   78.4414139      -1.91236901    
   78.4814148      -1.87978101    
   78.5214157      -1.84616184    
   78.5614166      -1.81172991    
   78.6014175      -1.77669299    
   78.6414185      -1.74124694    
   78.6814194      -1.70557475    
   78.7214203      -1.66984510    
   78.7614212      -1.63421249    
   78.8014221      -1.59881675    
   78.8414230      -1.56378281    
   78.8814240      -1.52922142    
   78.9214249      -1.49522948    
   78.9614258      -1.46189022    
   79.0014267      -1.42927408    
   79.0414276      -1.39743984    
   79.0814285      -1.36643457    
   79.1214294      -1.33629525    
   79.1614304      -1.30704927    
   79.2014313      -1.27871525    
   79.2414322      -1.25130391    
   79.2814331      -1.22481906    
   79.3214340      -1.19925809    
   79.3614349      -1.17461264    
   79.4014359      -1.15086973    
   79.4414368      -1.12801182    
   79.4814377      -1.10601783    
   79.5214386      -1.08486378    
   79.5614395      -1.06452250    
   79.6014404      -1.04496491    
   79.6414413      -1.02616036    
   79.6814423      -1.00807631    
   79.7214432     -0.990679264    
   79.7614441     -0.973935187    
   79.8014450     -0.957809150    
   79.8414459     -0.942265928    
   79.8814468     -0.927270532    
   79.9214478     -0.912787557    
   79.9614487     -0.898781955    
   80.0014496     -0.885219336    
