   3.99999991E-02  -3.99333658E-03
   7.99999982E-02  -7.90044945E-03
  0.119999997      -1.17168417E-02
  0.159999996      -1.54382512E-02
  0.199999988      -1.90606527E-02
  0.239999980      -2.25802548E-02
  0.279999971      -2.59935074E-02
  0.319999963      -2.92970985E-02
  0.359999955      -3.24879549E-02
  0.399999946      -3.55632417E-02
  0.439999938      -3.85203660E-02
  0.479999930      -4.13569696E-02
  0.519999921      -4.40709330E-02
  0.559999943      -4.66603749E-02
  0.599999964      -4.91236486E-02
  0.639999986      -5.14593348E-02
  0.680000007      -5.36662489E-02
  0.720000029      -5.57434335E-02
  0.760000050      -5.76901548E-02
  0.800000072      -5.95058985E-02
  0.840000093      -6.11903742E-02
  0.880000114      -6.27434999E-02
  0.920000136      -6.41654059E-02
  0.960000157      -6.54564351E-02
   1.00000012      -6.66171163E-02
   1.04000008      -6.76481947E-02
   1.08000004      -6.85505942E-02
   1.12000000      -6.93254322E-02
   1.15999997      -6.99740052E-02
   1.19999993      -7.04977810E-02
   1.23999989      -7.08984137E-02
   1.27999985      -7.11776987E-02
   1.31999981      -7.13376105E-02
   1.35999978      -7.13802725E-02
   1.39999974      -7.13079423E-02
   1.43999970      -7.11230263E-02
   1.47999966      -7.08280578E-02
   1.51999962      -7.04257041E-02
   1.55999959      -6.99187517E-02
   1.59999955      -6.93100914E-02
   1.63999951      -6.86027259E-02
   1.67999947      -6.77997619E-02
   1.71999943      -6.69043809E-02
   1.75999939      -6.59198686E-02
   1.79999936      -6.48495778E-02
   1.83999932      -6.36969358E-02
   1.87999928      -6.24654330E-02
   1.91999924      -6.11586124E-02
   1.95999920      -5.97800761E-02
   1.99999917      -5.83334640E-02
   2.03999925      -5.68224527E-02
   2.07999921      -5.52507490E-02
   2.11999917      -5.36220856E-02
   2.15999913      -5.19402102E-02
   2.19999909      -5.02088778E-02
   2.23999906      -4.84318510E-02
   2.27999902      -4.66128886E-02
   2.31999898      -4.47557457E-02
   2.35999894      -4.28641550E-02
   2.39999890      -4.09418382E-02
   2.43999887      -3.89924869E-02
   2.47999883      -3.70197594E-02
   2.51999879      -3.50272804E-02
   2.55999875      -3.30186374E-02
   2.59999871      -3.09973676E-02
   2.63999867      -2.89669558E-02
   2.67999864      -2.69308351E-02
   2.71999860      -2.48923767E-02
   2.75999856      -2.28548888E-02
   2.79999852      -2.08216105E-02
   2.83999848      -1.87957101E-02
   2.87999845      -1.67802796E-02
   2.91999841      -1.47783319E-02
   2.95999837      -1.27927987E-02
   2.99999833      -1.08265262E-02
   3.03999829      -8.88227299E-03
   3.07999825      -6.96270633E-03
   3.11999822      -5.07040136E-03
   3.15999818      -3.20783770E-03
   3.19999814      -1.37739768E-03
   3.23999810       4.18635085E-04
   3.27999806       2.17807805E-03
   3.31999803       3.89885064E-03
   3.35999799       5.57897566E-03
   3.39999795       7.21658021E-03
   3.43999791       8.80989712E-03
   3.47999787       1.03572654E-02
   3.51999784       1.18571296E-02
   3.55999780       1.33080427E-02
   3.59999776       1.47086633E-02
   3.63999772       1.60577577E-02
   3.67999768       1.73541997E-02
   3.71999764       1.85969677E-02
   3.75999761       1.97851490E-02
   3.79999757       2.09179334E-02
   3.83999753       2.19946168E-02
   3.87999749       2.30145995E-02
   3.91999745       2.39773840E-02
   3.95999742       2.48825718E-02
   3.99999738       2.57298667E-02
   4.03999758       2.65190713E-02
   4.07999754       2.72500832E-02
   4.11999750       2.79228948E-02
   4.15999746       2.85375938E-02
   4.19999743       2.90943570E-02
   4.23999739       2.95934528E-02
   4.27999735       3.00352331E-02
   4.31999731       3.04201376E-02
   4.35999727       3.07486858E-02
   4.39999723       3.10214777E-02
   4.43999720       3.12391911E-02
   4.47999716       3.14025767E-02
   4.51999712       3.15124616E-02
   4.55999708       3.15697342E-02
   4.59999704       3.15753594E-02
   4.63999701       3.15303579E-02
   4.67999697       3.14358100E-02
   4.71999693       3.12928595E-02
   4.75999689       3.11027039E-02
   4.79999685       3.08665894E-02
   4.83999681       3.05858124E-02
   4.87999678       3.02617159E-02
   4.91999674       2.98956838E-02
   4.95999670       2.94891391E-02
   4.99999666       2.90435441E-02
   5.03999662       2.85603907E-02
   5.07999659       2.80412044E-02
   5.11999655       2.74875369E-02
   5.15999651       2.69009620E-02
   5.19999647       2.62830779E-02
   5.23999643       2.56354976E-02
   5.27999640       2.49598529E-02
   5.31999636       2.42577847E-02
   5.35999632       2.35309470E-02
   5.39999628       2.27809977E-02
   5.43999624       2.20095981E-02
   5.47999620       2.12184116E-02
   5.51999617       2.04091016E-02
   5.55999613       1.95833258E-02
   5.59999609       1.87427327E-02
   5.63999605       1.78889651E-02
   5.67999601       1.70236528E-02
   5.71999598       1.61484107E-02
   5.75999594       1.52648389E-02
   5.79999590       1.43745178E-02
   5.83999586       1.34790065E-02
   5.87999582       1.25798415E-02
   5.91999578       1.16785346E-02
   5.95999575       1.07765710E-02
   5.99999571       9.87540651E-03
   6.03999567       8.97646695E-03
   6.07999563       8.08114558E-03
   6.11999559       7.19080307E-03
   6.15999556       6.30676420E-03
   6.19999552       5.43031702E-03
   6.23999548       4.56271181E-03
   6.27999544       3.70515976E-03
   6.31999540       2.85883155E-03
   6.35999537       2.02485663E-03
   6.39999533       1.20432221E-03
   6.43999529       3.98271834E-04
   6.47999525      -3.92294663E-04
   6.51999521      -1.16642227E-03
   6.55999517      -1.92320137E-03
   6.59999514      -2.66176835E-03
   6.63999510      -3.38130607E-03
   6.67999506      -4.08104388E-03
   6.71999502      -4.76025837E-03
   6.75999498      -5.41827362E-03
   6.79999495      -6.05446100E-03
   6.83999491      -6.66823890E-03
   6.87999487      -7.25907367E-03
   6.91999483      -7.82647915E-03
   6.95999479      -8.37001670E-03
   6.99999475      -8.88929330E-03
   7.03999472      -9.38396342E-03
   7.07999468      -9.85372812E-03
   7.11999464      -1.02983331E-02
   7.15999460      -1.07175708E-02
   7.19999456      -1.11112781E-02
   7.23999453      -1.14793349E-02
   7.27999449      -1.18216658E-02
   7.31999445      -1.21382372E-02
   7.35999441      -1.24290576E-02
   7.39999437      -1.26941772E-02
   7.43999434      -1.29336854E-02
   7.47999430      -1.31477108E-02
   7.51999426      -1.33364210E-02
   7.55999422      -1.35000199E-02
   7.59999418      -1.36387479E-02
   7.63999414      -1.37528805E-02
   7.67999411      -1.38427261E-02
   7.71999407      -1.39086274E-02
   7.75999403      -1.39509579E-02
   7.79999399      -1.39701208E-02
   7.83999395      -1.39665492E-02
   7.87999392      -1.39407031E-02
   7.91999388      -1.38930688E-02
   7.95999384      -1.38241583E-02
   7.99999380      -1.37345083E-02
   8.03999424      -1.36246765E-02
   8.07999420      -1.34952413E-02
   8.11999416      -1.33468024E-02
   8.15999413      -1.31799784E-02
   8.19999409      -1.29954023E-02
   8.23999405      -1.27937254E-02
   8.27999401      -1.25756115E-02
   8.31999397      -1.23417396E-02
   8.35999393      -1.20927980E-02
   8.39999390      -1.18294870E-02
   8.43999386      -1.15525154E-02
   8.47999382      -1.12625984E-02
   8.51999378      -1.09604597E-02
   8.55999374      -1.06468275E-02
   8.59999371      -1.03224330E-02
   8.63999367      -9.98801086E-03
   8.67999363      -9.64429602E-03
   8.71999359      -9.29202512E-03
   8.75999355      -8.93193204E-03
   8.79999352      -8.56474973E-03
   8.83999348      -8.19120836E-03
   8.87999344      -7.81203154E-03
   8.91999340      -7.42793921E-03
   8.95999336      -7.03964429E-03
   8.99999332      -6.64785225E-03
   9.03999329      -6.25325972E-03
   9.07999325      -5.85655402E-03
   9.11999321      -5.45841223E-03
   9.15999317      -5.05949976E-03
   9.19999313      -4.66047041E-03
   9.23999310      -4.26196540E-03
   9.27999306      -3.86461150E-03
   9.31999302      -3.46902153E-03
   9.35999298      -3.07579292E-03
   9.39999294      -2.68550799E-03
   9.43999290      -2.29873206E-03
   9.47999287      -1.91601377E-03
   9.51999283      -1.53788435E-03
   9.55999279      -1.16485695E-03
   9.59999275      -7.97426386E-04
   9.63999271      -4.36068629E-04
   9.67999268      -8.12403159E-05
   9.71999264       2.66621384E-04
   9.75999260       6.07099268E-04
   9.79999256       9.39796271E-04
   9.83999252       1.26433570E-03
   9.87999249       1.58036151E-03
   9.91999245       1.88753824E-03
   9.95999241       2.18555145E-03
   9.99999237       2.47410778E-03
   10.0399923       2.75293458E-03
   10.0799923       3.02178017E-03
   10.1199923       3.28041427E-03
   10.1599922       3.52862710E-03
   10.1999922       3.76623007E-03
   10.2399921       3.99305532E-03
   10.2799921       4.20895498E-03
   10.3199921       4.41380264E-03
   10.3599920       4.60749166E-03
   10.3999920       4.78993496E-03
   10.4399920       4.96106548E-03
   10.4799919       5.12083620E-03
   10.5199919       5.26921824E-03
   10.5599918       5.40620182E-03
   10.5999918       5.53179625E-03
   10.6399918       5.64602809E-03
   10.6799917       5.74894156E-03
   10.7199917       5.84059861E-03
   10.7599916       5.92107791E-03
   10.7999916       5.99047402E-03
   10.8399916       6.04889728E-03
   10.8799915       6.09647390E-03
   10.9199915       6.13334496E-03
   10.9599915       6.15966506E-03
   10.9999914       6.17560372E-03
   11.0399914       6.18134253E-03
   11.0799913       6.17707660E-03
   11.1199913       6.16301270E-03
   11.1599913       6.13936922E-03
   11.1999912       6.10637572E-03
   11.2399912       6.06427155E-03
   11.2799911       6.01330679E-03
   11.3199911       5.95373986E-03
   11.3599911       5.88583853E-03
   11.3999910       5.80987800E-03
   11.4399910       5.72614092E-03
   11.4799910       5.63491648E-03
   11.5199909       5.53650083E-03
   11.5599909       5.43119526E-03
   11.5999908       5.31930570E-03
   11.6399908       5.20114321E-03
   11.6799908       5.07702213E-03
   11.7199907       4.94726002E-03
   11.7599907       4.81217774E-03
   11.7999907       4.67209751E-03
   11.8399906       4.52734344E-03
   11.8799906       4.37824056E-03
   11.9199905       4.22511483E-03
   11.9599905       4.06829128E-03
   11.9999905       3.90809495E-03
   12.0399904       3.74484970E-03
   12.0799904       3.57887754E-03
   12.1199903       3.41049861E-03
   12.1599903       3.24003049E-03
   12.1999903       3.06778774E-03
   12.2399902       2.89408141E-03
   12.2799902       2.71921884E-03
   12.3199902       2.54350272E-03
   12.3599901       2.36723130E-03
   12.3999901       2.19069771E-03
   12.4399900       2.01418973E-03
   12.4799900       1.83798920E-03
   12.5199900       1.66237191E-03
   12.5599899       1.48760725E-03
   12.5999899       1.31395773E-03
   12.6399899       1.14167889E-03
   12.6799898       9.71018919E-04
   12.7199898       8.02218565E-04
   12.7599897       6.35510660E-04
   12.7999897       4.71120089E-04
   12.8399897       3.09263531E-04
   12.8799896       1.50149295E-04
   12.9199896      -6.02289219E-06
   12.9599895      -1.59061994E-04
   12.9999895      -3.08785820E-04
   13.0399895      -4.55021102E-04
   13.0799894      -5.97603677E-04
   13.1199894      -7.36378424E-04
   13.1599894      -8.71199474E-04
   13.1999893      -1.00193021E-03
   13.2399893      -1.12844328E-03
   13.2799892      -1.25062058E-03
   13.3199892      -1.36835338E-03
   13.3599892      -1.48154213E-03
   13.3999891      -1.59009662E-03
   13.4399891      -1.69393595E-03
   13.4799891      -1.79298816E-03
   13.5199890      -1.88719050E-03
   13.5599890      -1.97648932E-03
   13.5999889      -2.06083991E-03
   13.6399889      -2.14020605E-03
   13.6799889      -2.21456052E-03
   13.7199888      -2.28388468E-03
   13.7599888      -2.34816805E-03
   13.7999887      -2.40740879E-03
   13.8399887      -2.46161292E-03
   13.8799887      -2.51079444E-03
   13.9199886      -2.55497498E-03
   13.9599886      -2.59418390E-03
   13.9999886      -2.62845797E-03
   14.0399885      -2.65784119E-03
   14.0799885      -2.68238410E-03
   14.1199884      -2.70214444E-03
   14.1599884      -2.71718600E-03
   14.1999884      -2.72757933E-03
   14.2399883      -2.73340056E-03
   14.2799883      -2.73473212E-03
   14.3199883      -2.73166131E-03
   14.3599882      -2.72428128E-03
   14.3999882      -2.71269004E-03
   14.4399881      -2.69699027E-03
   14.4799881      -2.67728930E-03
   14.5199881      -2.65369867E-03
   14.5599880      -2.62633408E-03
   14.5999880      -2.59531452E-03
   14.6399879      -2.56076292E-03
   14.6799879      -2.52280524E-03
   14.7199879      -2.48157023E-03
   14.7599878      -2.43718922E-03
   14.7999878      -2.38979631E-03
   14.8399878      -2.33952771E-03
   14.8799877      -2.28652125E-03
   14.9199877      -2.23091641E-03
   14.9599876      -2.17285426E-03
   14.9999876      -2.11247685E-03
   15.0399876      -2.04992690E-03
   15.0799875      -1.98534806E-03
   15.1199875      -1.91888434E-03
   15.1599874      -1.85067963E-03
   15.1999874      -1.78087794E-03
   15.2399874      -1.70962291E-03
   15.2799873      -1.63705752E-03
   15.3199873      -1.56332413E-03
   15.3599873      -1.48856419E-03
   15.3999872      -1.41291774E-03
   15.4399872      -1.33652356E-03
   15.4799871      -1.25951879E-03
   15.5199871      -1.18203892E-03
   15.5599871      -1.10421737E-03
   15.5999870      -1.02618546E-03
   15.6399870      -9.48072295E-04
   15.6799870      -8.70004529E-04
   15.7199869      -7.92106090E-04
   15.7599869      -7.14498223E-04
   15.7999868      -6.37299323E-04
   15.8399868      -5.60624758E-04
   15.8799868      -4.84586664E-04
   15.9199867      -4.09293978E-04
   15.9599867      -3.34852317E-04
   15.9999866      -2.61363690E-04
   16.0399876      -1.88926671E-04
   16.0799885      -1.17636111E-04
   16.1199894      -4.75831475E-05
   16.1599903       2.11448933E-05
   16.1999912       8.84645415E-05
   16.2399921       1.54296256E-04
   16.2799931       2.18564470E-04
   16.3199940       2.81197601E-04
   16.3599949       3.42128158E-04
   16.3999958       4.01292695E-04
   16.4399967       4.58631897E-04
   16.4799976       5.14090469E-04
   16.5199986       5.67617361E-04
   16.5599995       6.19165483E-04
   16.6000004       6.68691995E-04
   16.6400013       7.16158072E-04
   16.6800022       7.61528965E-04
   16.7200031       8.04773998E-04
   16.7600040       8.45866511E-04
   16.8000050       8.84783803E-04
   16.8400059       9.21507075E-04
   16.8800068       9.56021482E-04
   16.9200077       9.88316024E-04
   16.9600086       1.01838331E-03
   17.0000095       1.04621984E-03
   17.0400105       1.07182574E-03
   17.0800114       1.09520461E-03
   17.1200123       1.11636356E-03
   17.1600132       1.13531307E-03
   17.2000141       1.15206710E-03
   17.2400150       1.16664276E-03
   17.2800159       1.17906032E-03
   17.3200169       1.18934305E-03
   17.3600178       1.19751715E-03
   17.4000187       1.20361173E-03
   17.4400196       1.20765867E-03
   17.4800205       1.20969233E-03
   17.5200214       1.20974984E-03
   17.5600224       1.20787066E-03
   17.6000233       1.20409648E-03
   17.6400242       1.19847117E-03
   17.6800251       1.19104085E-03
   17.7200260       1.18185347E-03
   17.7600269       1.17095886E-03
   17.8000278       1.15840859E-03
   17.8400288       1.14425586E-03
   17.8800297       1.12855539E-03
   17.9200306       1.11136329E-03
   17.9600315       1.09273684E-03
   18.0000324       1.07273448E-03
   18.0400333       1.05141581E-03
   18.0800343       1.02884124E-03
   18.1200352       1.00507203E-03
   18.1600361       9.80170094E-04
   18.2000370       9.54197953E-04
   18.2400379       9.27218527E-04
   18.2800388       8.99295148E-04
   18.3200397       8.70491320E-04
   18.3600407       8.40870780E-04
   18.4000416       8.10497266E-04
   18.4400425       7.79434456E-04
   18.4800434       7.47745798E-04
   18.5200443       7.15494505E-04
   18.5600452       6.82743441E-04
   18.6000462       6.49555004E-04
   18.6400471       6.15991070E-04
   18.6800480       5.82112814E-04
   18.7200489       5.47980773E-04
   18.7600498       5.13654610E-04
   18.8000507       4.79193113E-04
   18.8400517       4.44654142E-04
   18.8800526       4.10094479E-04
   18.9200535       3.75569856E-04
   18.9600544       3.41134815E-04
   19.0000553       3.06842674E-04
   19.0400562       2.72745412E-04
   19.0800571       2.38893714E-04
   19.1200581       2.05336808E-04
   19.1600590       1.72122513E-04
   19.2000599       1.39297103E-04
   19.2400608       1.06905325E-04
   19.2800617       7.49903338E-05
   19.3200626       4.35936599E-05
   19.3600636       1.27551684E-05
   19.4000645      -1.74869583E-05
   19.4400654      -4.70962623E-05
   19.4800663      -7.60380281E-05
   19.5200672      -1.04279301E-04
   19.5600681      -1.31788896E-04
   19.6000690      -1.58537441E-04
   19.6400700      -1.84497359E-04
   19.6800709      -2.09642880E-04
   19.7200718      -2.33950064E-04
   19.7600727      -2.57396779E-04
   19.8000736      -2.79962725E-04
   19.8400745      -3.01629421E-04
   19.8800755      -3.22380161E-04
   19.9200764      -3.42200074E-04
   19.9600773      -3.61076090E-04
   20.0000782      -3.78996861E-04
   20.0400791      -3.95952811E-04
   20.0800800      -4.11936111E-04
   20.1200809      -4.26940649E-04
   20.1600819      -4.40962001E-04
   20.2000828      -4.53997374E-04
   20.2400837      -4.66045662E-04
   20.2800846      -4.77107300E-04
   20.3200855      -4.87184327E-04
   20.3600864      -4.96280321E-04
   20.4000874      -5.04400348E-04
   20.4400883      -5.11550927E-04
   20.4800892      -5.17740031E-04
   20.5200901      -5.22976974E-04
   20.5600910      -5.27272408E-04
   20.6000919      -5.30638266E-04
   20.6400928      -5.33087819E-04
   20.6800938      -5.34635445E-04
   20.7200947      -5.35296684E-04
   20.7600956      -5.35088242E-04
   20.8000965      -5.34027815E-04
   20.8400974      -5.32134145E-04
   20.8800983      -5.29426965E-04
   20.9200993      -5.25926822E-04
   20.9601002      -5.21655194E-04
   21.0001011      -5.16634376E-04
   21.0401020      -5.10887359E-04
   21.0801029      -5.04437834E-04
   21.1201038      -4.97310190E-04
   21.1601048      -4.89529397E-04
   21.2001057      -4.81121009E-04
   21.2401066      -4.72110987E-04
   21.2801075      -4.62525786E-04
   21.3201084      -4.52392240E-04
   21.3601093      -4.41737531E-04
   21.4001102      -4.30589163E-04
   21.4401112      -4.18974814E-04
   21.4801121      -4.06922394E-04
   21.5201130      -3.94459930E-04
   21.5601139      -3.81615595E-04
   21.6001148      -3.68417561E-04
   21.6401157      -3.54894000E-04
   21.6801167      -3.41073086E-04
   21.7201176      -3.26982874E-04
   21.7601185      -3.12651304E-04
   21.8001194      -2.98106112E-04
   21.8401203      -2.83374859E-04
   21.8801212      -2.68484844E-04
   21.9201221      -2.53463048E-04
   21.9601231      -2.38336143E-04
   22.0001240      -2.23130439E-04
   22.0401249      -2.07871839E-04
   22.0801258      -1.92585809E-04
   22.1201267      -1.77297363E-04
   22.1601276      -1.62031007E-04
   22.2001286      -1.46810737E-04
   22.2401295      -1.31659981E-04
   22.2801304      -1.16601579E-04
   22.3201313      -1.01657781E-04
   22.3601322      -8.68502102E-05
   22.4001331      -7.21998294E-05
   22.4401340      -5.77269348E-05
   22.4801350      -4.34511348E-05
   22.5201359      -2.93913290E-05
   22.5601368      -1.55656926E-05
   22.6001377      -1.99166425E-06
   22.6401386       1.13140704E-05
   22.6801395       2.43355862E-05
   22.7201405       3.70577363E-05
   22.7601414       4.94661508E-05
   22.8001423       6.15472527E-05
   22.8401432       7.32882545E-05
   22.8801441       8.46771727E-05
   22.9201450       9.57028315E-05
   22.9601460       1.06354855E-04
   23.0001469       1.16623669E-04
   23.0401478       1.26500512E-04
   23.0801487       1.35977418E-04
   23.1201496       1.45047219E-04
   23.1601505       1.53703542E-04
   23.2001514       1.61940814E-04
   23.2401524       1.69754232E-04
   23.2801533       1.77139780E-04
   23.3201542       1.84094199E-04
   23.3601551       1.90614970E-04
   23.4001560       1.96700348E-04
   23.4401569       2.02349300E-04
   23.4801579       2.07561505E-04
   23.5201588       2.12337371E-04
   23.5601597       2.16677974E-04
   23.6001606       2.20585091E-04
   23.6401615       2.24061121E-04
   23.6801624       2.27109136E-04
   23.7201633       2.29732817E-04
   23.7601643       2.31936458E-04
   23.8001652       2.33724917E-04
   23.8401661       2.35103653E-04
   23.8801670       2.36078646E-04
   23.9201679       2.36656415E-04
   23.9601688       2.36843975E-04
   24.0001698       2.36648833E-04
   24.0401707       2.36078966E-04
   24.0801716       2.35142768E-04
   24.1201725       2.33849059E-04
   24.1601734       2.32207065E-04
   24.2001743       2.30226375E-04
   24.2401752       2.27916942E-04
   24.2801762       2.25289026E-04
   24.3201771       2.22353206E-04
   24.3601780       2.19120338E-04
   24.4001789       2.15601540E-04
   24.4401798       2.11808161E-04
   24.4801807       2.07751757E-04
   24.5201817       2.03444069E-04
   24.5601826       1.98897033E-04
   24.6001835       1.94122695E-04
   24.6401844       1.89133250E-04
   24.6801853       1.83940982E-04
   24.7201862       1.78558257E-04
   24.7601871       1.72997490E-04
   24.8001881       1.67271137E-04
   24.8401890       1.61391683E-04
   24.8801899       1.55371585E-04
   24.9201908       1.49223299E-04
   24.9601917       1.42959223E-04
   25.0001926       1.36591698E-04
   25.0401936       1.30132976E-04
   25.0801945       1.23595208E-04
   25.1201954       1.16990443E-04
   25.1601963       1.10330591E-04
   25.2001972       1.03627404E-04
   25.2401981       9.68924796E-05
   25.2801991       9.01372259E-05
   25.3202000       8.33728554E-05
   25.3602009       7.66103767E-05
   25.4002018       6.98605727E-05
   25.4402027       6.31339863E-05
   25.4802036       5.64409202E-05
   25.5202045       4.97914079E-05
   25.5602055       4.31952212E-05
   25.6002064       3.66618442E-05
   25.6402073       3.02004755E-05
   25.6802082       2.38200155E-05
   25.7202091       1.75290515E-05
   25.7602100       1.13358601E-05
   25.8002110       5.24839515E-06
   25.8402119      -7.25717655E-07
   25.8802128      -6.57918781E-06
   25.9202137      -1.23050613E-05
   25.9602146      -1.78967293E-05
   26.0002155      -2.33479295E-05
   26.0402164      -2.86527484E-05
   26.0802174      -3.38056270E-05
   26.1202183      -3.88013577E-05
   26.1602192      -4.36350929E-05
   26.2002201      -4.83023396E-05
   26.2402210      -5.27989541E-05
   26.2802219      -5.71211604E-05
   26.3202229      -6.12655276E-05
   26.3602238      -6.52289818E-05
   26.4002247      -6.90088054E-05
   26.4402256      -7.26026119E-05
   26.4802265      -7.60083785E-05
   26.5202274      -7.92244173E-05
   26.5602283      -8.22493748E-05
   26.6002293      -8.50822398E-05
   26.6402302      -8.77223138E-05
   26.6802311      -9.01692329E-05
   26.7202320      -9.24229389E-05
   26.7602329      -9.44836938E-05
   26.8002338      -9.63520652E-05
   26.8402348      -9.80289042E-05
   26.8802357      -9.95153605E-05
   26.9202366      -1.00812860E-04
   26.9602375      -1.01923113E-04
   27.0002384      -1.02848084E-04
   27.0402393      -1.03589999E-04
   27.0802402      -1.04151331E-04
   27.1202412      -1.04534789E-04
   27.1602421      -1.04743325E-04
   27.2002430      -1.04780098E-04
   27.2402439      -1.04648490E-04
   27.2802448      -1.04352075E-04
   27.3202457      -1.03894628E-04
   27.3602467      -1.03280101E-04
   27.4002476      -1.02512611E-04
   27.4402485      -1.01596452E-04
   27.4802494      -1.00536061E-04
   27.5202503      -9.93360227E-05
   27.5602512      -9.80010445E-05
   27.6002522      -9.65359650E-05
   27.6402531      -9.49457317E-05
   27.6802540      -9.32353869E-05
   27.7202549      -9.14100747E-05
   27.7602558      -8.94750119E-05
   27.8002567      -8.74354882E-05
   27.8402576      -8.52968587E-05
   27.8802586      -8.30645295E-05
   27.9202595      -8.07439428E-05
   27.9602604      -7.83405776E-05
   28.0002613      -7.58599344E-05
   28.0402622      -7.33075285E-05
   28.0802631      -7.06888823E-05
   28.1202641      -6.80095036E-05
   28.1602650      -6.52749004E-05
   28.2002659      -6.24905442E-05
   28.2402668      -5.96618920E-05
   28.2802677      -5.67943534E-05
   28.3202686      -5.38932945E-05
   28.3602695      -5.09640267E-05
   28.4002705      -4.80118033E-05
   28.4402714      -4.50418047E-05
   28.4802723      -4.20591387E-05
   28.5202732      -3.90688328E-05
   28.5602741      -3.60758240E-05
   28.6002750      -3.30849543E-05
   28.6402760      -3.01009641E-05
   28.6802769      -2.71284916E-05
   28.7202778      -2.41720645E-05
   28.7602787      -2.12360901E-05
   28.8002796      -1.83248576E-05
   28.8402805      -1.54425288E-05
   28.8802814      -1.25931392E-05
   28.9202824      -9.78058870E-06
   28.9602833      -7.00863984E-06
   29.0002842      -4.28091653E-06
   29.0402851      -1.60089826E-06
   29.0802860       1.02808121E-06
   29.1202869       3.60283616E-06
   29.1602879       6.12033136E-06
   29.2002888       8.57768464E-06
   29.2402897       1.09721659E-05
   29.2802906       1.33012027E-05
   29.3202915       1.55623766E-05
   29.3602924       1.77534275E-05
   29.4002934       1.98722519E-05
   29.4402943       2.19169033E-05
   29.4802952       2.38855955E-05
   29.5202961       2.57766969E-05
   29.5602970       2.75887323E-05
   29.6002979       2.93203866E-05
   29.6402988       3.09704956E-05
   29.6802998       3.25380497E-05
   29.7203007       3.40221886E-05
   29.7603016       3.54222102E-05
   29.8003025       3.67375578E-05
   29.8403034       3.79678168E-05
   29.8803043       3.91127214E-05
   29.9203053       4.01721481E-05
   29.9603062       4.11461115E-05
   30.0003071       4.20347606E-05
   30.0403080       4.28383828E-05
   30.0803089       4.35573893E-05
   30.1203098       4.41923257E-05
   30.1603107       4.47438542E-05
   30.2003117       4.52127642E-05
   30.2403126       4.55999543E-05
   30.2803135       4.59064395E-05
   30.3203144       4.61333475E-05
   30.3603153       4.62819007E-05
   30.4003162       4.63534343E-05
   30.4403172       4.63493707E-05
   30.4803181       4.62712305E-05
   30.5203190       4.61206182E-05
   30.5603199       4.58992254E-05
   30.6003208       4.56088201E-05
   30.6403217       4.52512504E-05
   30.6803226       4.48284300E-05
   30.7203236       4.43423414E-05
   30.7603245       4.37950257E-05
   30.8003254       4.31885856E-05
   30.8403263       4.25251710E-05
   30.8803272       4.18069831E-05
   30.9203281       4.10362700E-05
   30.9603291       4.02153128E-05
   31.0003300       3.93464288E-05
   31.0403309       3.84319683E-05
   31.0803318       3.74743067E-05
   31.1203327       3.64758380E-05
   31.1603336       3.54389776E-05
   31.2003345       3.43661522E-05
   31.2403355       3.32597992E-05
   31.2803364       3.21223561E-05
   31.3203373       3.09562674E-05
   31.3603382       2.97639708E-05
   31.4003391       2.85478964E-05
   31.4403400       2.73104670E-05
   31.4803410       2.60540892E-05
   31.5203419       2.47811531E-05
   31.5603428       2.34940253E-05
   31.6003437       2.21950504E-05
   31.6403446       2.08865422E-05
   31.6803455       1.95707871E-05
   31.7203465       1.82500335E-05
   31.7603474       1.69264949E-05
   31.8003483       1.56023452E-05
   31.8403492       1.42797144E-05
   31.8803501       1.29606879E-05
   31.9203510       1.16473047E-05
   31.9603519       1.03415541E-05
   32.0003510       9.04537228E-06
   32.0403519       7.76064098E-06
   32.0803528       6.48918740E-06
   32.1203537       5.23278004E-06
   32.1603546       3.99312830E-06
   32.2003555       2.77188087E-06
   32.2403564       1.57062323E-06
   32.2803574       3.90877858E-07
   32.3203583      -7.65897994E-07
   32.3603592      -1.89831292E-06
   32.4003601      -3.00504234E-06
   32.4403610      -4.08482902E-06
   32.4803619      -5.13648411E-06
   32.5203629      -6.15888803E-06
   32.5603638      -7.15098940E-06
   32.6003647      -8.11180689E-06
   32.6403656      -9.04042918E-06
   32.6803665      -9.93601498E-06
   32.7203674      -1.07977912E-05
   32.7603683      -1.16250558E-05
   32.8003693      -1.24171747E-05
   32.8403702      -1.31735833E-05
   32.8803711      -1.38937867E-05
   32.9203720      -1.45773556E-05
   32.9603729      -1.52239290E-05
   33.0003738      -1.58332132E-05
   33.0403748      -1.64049779E-05
   33.0803757      -1.69390605E-05
   33.1203766      -1.74353590E-05
   33.1603775      -1.78938335E-05
   33.2003784      -1.83145094E-05
   33.2403793      -1.86974685E-05
   33.2803802      -1.90428527E-05
   33.3203812      -1.93508604E-05
   33.3603821      -1.96217461E-05
   33.4003830      -1.98558191E-05
   33.4403839      -2.00534414E-05
   33.4803848      -2.02150259E-05
   33.5203857      -2.03410345E-05
   33.5603867      -2.04319767E-05
   33.6003876      -2.04884091E-05
   33.6403885      -2.05109318E-05
   33.6803894      -2.05001870E-05
   33.7203903      -2.04568569E-05
   33.7603912      -2.03816617E-05
   33.8003922      -2.02753599E-05
   33.8403931      -2.01387447E-05
   33.8803940      -1.99726383E-05
   33.9203949      -1.97778991E-05
   33.9603958      -1.95554094E-05
   34.0003967      -1.93060805E-05
   34.0403976      -1.90308492E-05
   34.0803986      -1.87306723E-05
   34.1203995      -1.84065302E-05
   34.1604004      -1.80594197E-05
   34.2004013      -1.76903577E-05
   34.2404022      -1.73003718E-05
   34.2804031      -1.68905044E-05
   34.3204041      -1.64618104E-05
   34.3604050      -1.60153504E-05
   34.4004059      -1.55521957E-05
   34.4404068      -1.50734204E-05
   34.4804077      -1.45801032E-05
   34.5204086      -1.40733246E-05
   34.5604095      -1.35541641E-05
   34.6004105      -1.30237004E-05
   34.6404114      -1.24830076E-05
   34.6804123      -1.19331562E-05
   34.7204132      -1.13752085E-05
   34.7604141      -1.08102195E-05
   34.8004150      -1.02392341E-05
   34.8404160      -9.66328571E-06
   34.8804169      -9.08339462E-06
   34.9204178      -8.50056858E-06
   34.9604187      -7.91579805E-06
   35.0004196      -7.33005754E-06
   35.0404205      -6.74430339E-06
   35.0804214      -6.15947374E-06
   35.1204224      -5.57648536E-06
   35.1604233      -4.99623457E-06
   35.2004242      -4.41959492E-06
   35.2404251      -3.84741634E-06
   35.2804260      -3.28052556E-06
   35.3204269      -2.71972385E-06
   35.3604279      -2.16578655E-06
   35.4004288      -1.61946275E-06
   35.4404297      -1.08147424E-06
   35.4804306      -5.52515189E-07
   35.5204315      -3.32512968E-08
   35.5604324       4.75680508E-07
   35.6004333       9.73672513E-07
   35.6404343       1.46014690E-06
   35.6804352       1.93455548E-06
   35.7204361       2.39638052E-06
   35.7604370       2.84513499E-06
   35.8004379       3.28036208E-06
   35.8404388       3.70163616E-06
   35.8804398       4.10856228E-06
   35.9204407       4.50077596E-06
   35.9604416       4.87794432E-06
   36.0004425       5.23976450E-06
   36.0404434       5.58596457E-06
   36.0804443       5.91630305E-06
   36.1204453       6.23056894E-06
   36.1604462       6.52858034E-06
   36.2004471       6.81018582E-06
   36.2404480       7.07526306E-06
   36.2804489       7.32371836E-06
   36.3204498       7.55548626E-06
   36.3604507       7.77052992E-06
   36.4004517       7.96883978E-06
   36.4404526       8.15043404E-06
   36.4804535       8.31535544E-06
   36.5204544       8.46367402E-06
   36.5604553       8.59548436E-06
   36.6004562       8.71090560E-06
   36.6404572       8.81008054E-06
   36.6804581       8.89317653E-06
   36.7204590       8.96038091E-06
   36.7604599       9.01190469E-06
   36.8004608       9.04797889E-06
   36.8404617       9.06885543E-06
   36.8804626       9.07480353E-06
   36.9204636       9.06611331E-06
   36.9604645       9.04309127E-06
   37.0004654       9.00606028E-06
   37.0404663       8.95536050E-06
   37.0804672       8.89134571E-06
   37.1204681       8.81438518E-06
   37.1604691       8.72486089E-06
   37.2004700       8.62316756E-06
   37.2404709       8.50971082E-06
   37.2804718       8.38490814E-06
   37.3204727       8.24918516E-06
   37.3604736       8.10297843E-06
   37.4004745       7.94673088E-06
   37.4404755       7.78089361E-06
   37.4804764       7.60592366E-06
   37.5204773       7.42228349E-06
   37.5604782       7.23044059E-06
   37.6004791       7.03086562E-06
   37.6404800       6.82403288E-06
   37.6804810       6.61041850E-06
   37.7204819       6.39049949E-06
   37.7604828       6.16475427E-06
   37.8004837       5.93366030E-06
   37.8404846       5.69769418E-06
   37.8804855       5.45733110E-06
   37.9204865       5.21304355E-06
   37.9604874       4.96530083E-06
   38.0004883       4.71456860E-06
   38.0404892       4.46130753E-06
   38.0804901       4.20597371E-06
   38.1204910       3.94901690E-06
   38.1604919       3.69088093E-06
   38.2004929       3.43200236E-06
   38.2404938       3.17281001E-06
   38.2804947       2.91372521E-06
   38.3204956       2.65515996E-06
   38.3604965       2.39751785E-06
   38.4004974       2.14119245E-06
   38.4404984       1.88656782E-06
   38.4804993       1.63401717E-06
   38.5205002       1.38390305E-06
   38.5605011       1.13657700E-06
   38.6005020       8.92378921E-07
   38.6405029       6.51637038E-07
   38.6805038       4.14667340E-07
   38.7205048       1.81773558E-07
   38.7605057      -4.67531720E-08
   38.8005066      -2.70634558E-07
   38.8405075      -4.89605327E-07
   38.8805084      -7.03413320E-07
   38.9205093      -9.11819711E-07
   38.9605103      -1.11459906E-06
   39.0005112      -1.31153945E-06
   39.0405121      -1.50244250E-06
   39.0805130      -1.68712359E-06
   39.1205139      -1.86541172E-06
   39.1605148      -2.03714944E-06
   39.2005157      -2.20219295E-06
   39.2405167      -2.36041205E-06
   39.2805176      -2.51169013E-06
   39.3205185      -2.65592394E-06
   39.3605194      -2.79302367E-06
   39.4005203      -2.92291247E-06
   39.4405212      -3.04552691E-06
   39.4805222      -3.16081605E-06
   39.5205231      -3.26874215E-06
   39.5605240      -3.36927974E-06
   39.6005249      -3.46241586E-06
   39.6405258      -3.54814938E-06
   39.6805267      -3.62649121E-06
   39.7205276      -3.69746385E-06
   39.7605286      -3.76110097E-06
   39.8005295      -3.81744758E-06
   39.8405304      -3.86655938E-06
   39.8805313      -3.90850255E-06
   39.9205322      -3.94335302E-06
   39.9605331      -3.97119720E-06
   40.0005341      -3.99213059E-06
   40.0405350      -4.00625777E-06
   40.0805359      -4.01369243E-06
   40.1205368      -4.01455645E-06
   40.1605377      -4.00897989E-06
   40.2005386      -3.99710052E-06
   40.2405396      -3.97906342E-06
   40.2805405      -3.95502047E-06
   40.3205414      -3.92513039E-06
   40.3605423      -3.88955823E-06
   40.4005432      -3.84847408E-06
   40.4405441      -3.80205393E-06
   40.4805450      -3.75047898E-06
   40.5205460      -3.69393479E-06
   40.5605469      -3.63261120E-06
   40.6005478      -3.56670193E-06
   40.6405487      -3.49640413E-06
   40.6805496      -3.42191788E-06
   40.7205505      -3.34344645E-06
   40.7605515      -3.26119493E-06
   40.8005524      -3.17537047E-06
   40.8405533      -3.08618201E-06
   40.8805542      -2.99383942E-06
   40.9205551      -2.89855348E-06
   40.9605560      -2.80053564E-06
   41.0005569      -2.69999714E-06
   41.0405579      -2.59714943E-06
   41.0805588      -2.49220329E-06
   41.1205597      -2.38536859E-06
   41.1605606      -2.27685405E-06
   41.2005615      -2.16686681E-06
   41.2405624      -2.05561219E-06
   41.2805634      -1.94329368E-06
   41.3205643      -1.83011230E-06
   41.3605652      -1.71626641E-06
   41.4005661      -1.60195145E-06
   41.4405670      -1.48735967E-06
   41.4805679      -1.37267989E-06
   41.5205688      -1.25809743E-06
   41.5605698      -1.14379361E-06
   41.6005707      -1.02994591E-06
   41.6405716      -9.16727174E-07
   41.6805725      -8.04306069E-07
   41.7205734      -6.92846470E-07
   41.7605743      -5.82507539E-07
   41.8005753      -4.73443379E-07
   41.8405762      -3.65802975E-07
   41.8805771      -2.59730086E-07
   41.9205780      -1.55363097E-07
   41.9605789      -5.28348707E-08
   42.0005798       4.77273261E-08
   42.0405807       1.46201927E-07
   42.0805817       2.42473106E-07
   42.1205826       3.36430901E-07
   42.1605835       4.27971258E-07
   42.2005844       5.16996067E-07
   42.2405853       6.03413184E-07
   42.2805862       6.87136492E-07
   42.3205872       7.68085897E-07
   42.3605881       8.46187390E-07
   42.4005890       9.21372930E-07
   42.4405899       9.93580556E-07
   42.4805908       1.06275434E-06
   42.5205917       1.12884425E-06
   42.5605927       1.19180618E-06
   42.6005936       1.25160193E-06
   42.6405945       1.30819922E-06
   42.6805954       1.36157144E-06
   42.7205963       1.41169778E-06
   42.7605972       1.45856279E-06
   42.8005981       1.50215681E-06
   42.8405991       1.54247550E-06
   42.8806000       1.57951990E-06
   42.9206009       1.61329615E-06
   42.9606018       1.64381561E-06
   43.0006027       1.67109454E-06
   43.0406036       1.69515420E-06
   43.0806046       1.71602039E-06
   43.1206055       1.73372359E-06
   43.1606064       1.74829881E-06
   43.2006073       1.75978528E-06
   43.2406082       1.76822630E-06
   43.2806091       1.77366940E-06
   43.3206100       1.77616573E-06
   43.3606110       1.77577033E-06
   43.4006119       1.77254162E-06
   43.4406128       1.76654135E-06
   43.4806137       1.75783464E-06
   43.5206146       1.74648949E-06
   43.5606155       1.73257695E-06
   43.6006165       1.71617046E-06
   43.6406174       1.69734631E-06
   43.6806183       1.67618282E-06
   43.7206192       1.65276072E-06
   43.7606201       1.62716265E-06
   43.8006210       1.59947308E-06
   43.8406219       1.56977819E-06
   43.8806229       1.53816552E-06
   43.9206238       1.50472397E-06
   43.9606247       1.46954369E-06
   44.0006256       1.43271575E-06
   44.0406265       1.39433212E-06
   44.0806274       1.35448522E-06
   44.1206284       1.31326806E-06
   44.1606293       1.27077396E-06
   44.2006302       1.22709650E-06
   44.2406311       1.18232924E-06
   44.2806320       1.13656563E-06
   44.3206329       1.08989877E-06
   44.3606339       1.04242145E-06
   44.4006348       9.94225729E-07
   44.4406357       9.45403201E-07
   44.4806366       8.96044526E-07
   44.5206375       8.46239345E-07
   44.5606384       7.96076279E-07
   44.6006393       7.45642751E-07
   44.6406403       6.95024823E-07
   44.6806412       6.44307249E-07
   44.7206421       5.93573134E-07
   44.7606430       5.42903990E-07
   44.8006439       4.92379570E-07
   44.8406448       4.42077834E-07
   44.8806458       3.92074810E-07
   44.9206467       3.42444537E-07
   44.9606476       2.93258950E-07
   45.0006485       2.44587852E-07
   45.0406494       1.96498831E-07
   45.0806503       1.49057200E-07
   45.1206512       1.02325913E-07
   45.1606522       5.63655256E-08
   45.2006531       1.12341638E-08
   45.2406540      -3.30125474E-08
   45.2806549      -7.63215056E-08
   45.3206558      -1.18642170E-07
   45.3606567      -1.59926600E-07
   45.4006577      -2.00129449E-07
   45.4406586      -2.39208049E-07
   45.4806595      -2.77122354E-07
   45.5206604      -3.13834960E-07
   45.5606613      -3.49311165E-07
   45.6006622      -3.83518966E-07
   45.6406631      -4.16428975E-07
   45.6806641      -4.48014504E-07
   45.7206650      -4.78251479E-07
   45.7606659      -5.07118500E-07
   45.8006668      -5.34596836E-07
   45.8406677      -5.60670230E-07
   45.8806686      -5.85325097E-07
   45.9206696      -6.08550351E-07
   45.9606705      -6.30337411E-07
   46.0006714      -6.50680192E-07
   46.0406723      -6.69575002E-07
   46.0806732      -6.87020588E-07
   46.1206741      -7.03018031E-07
   46.1606750      -7.17570742E-07
   46.2006760      -7.30684292E-07
   46.2406769      -7.42366467E-07
   46.2806778      -7.52627216E-07
   46.3206787      -7.61478532E-07
   46.3606796      -7.68934456E-07
   46.4006805      -7.75010960E-07
   46.4406815      -7.79725895E-07
   46.4806824      -7.83098983E-07
   46.5206833      -7.85151656E-07
   46.5606842      -7.85907048E-07
   46.6006851      -7.85389886E-07
   46.6406860      -7.83626433E-07
   46.6806870      -7.80644427E-07
   46.7206879      -7.76473030E-07
   46.7606888      -7.71142709E-07
   46.8006897      -7.64685183E-07
   46.8406906      -7.57133307E-07
   46.8806915      -7.48521074E-07
   46.9206924      -7.38883443E-07
   46.9606934      -7.28256339E-07
   47.0006943      -7.16676539E-07
   47.0406952      -7.04181673E-07
   47.0806961      -6.90809998E-07
   47.1206970      -6.76600507E-07
   47.1606979      -6.61592594E-07
   47.2006989      -6.45826333E-07
   47.2406998      -6.29342082E-07
   47.2807007      -6.12180543E-07
   47.3207016      -5.94382755E-07
   47.3607025      -5.75989930E-07
   47.4007034      -5.57043336E-07
   47.4407043      -5.37584413E-07
   47.4807053      -5.17654541E-07
   47.5207062      -4.97295048E-07
   47.5607071      -4.76547029E-07
   47.6007080      -4.55451499E-07
   47.6407089      -4.34049156E-07
   47.6807098      -4.12380388E-07
   47.7207108      -3.90485184E-07
   47.7607117      -3.68403107E-07
   47.8007126      -3.46173238E-07
   47.8407135      -3.23834087E-07
   47.8807144      -3.01423597E-07
   47.9207153      -2.78979030E-07
   47.9607162      -2.56536993E-07
   48.0007172      -2.34133324E-07
   48.0407181      -2.11803126E-07
   48.0807190      -1.89580646E-07
   48.1207199      -1.67499280E-07
   48.1607208      -1.45591542E-07
   48.2007217      -1.23889009E-07
   48.2407227      -1.02422312E-07
   48.2807236      -8.12210743E-08
   48.3207245      -6.03139085E-08
   48.3607254      -3.97283806E-08
   48.4007263      -1.94909990E-08
   48.4407272       3.72821773E-10
   48.4807281       1.98387706E-08
   48.5207291       3.88836590E-08
   48.5607300       5.74854369E-08
   48.6007309       7.56231984E-08
   48.6407318       9.32772082E-08
   48.6807327       1.10428900E-07
   48.7207336       1.27060872E-07
   48.7607346       1.43156896E-07
   48.8007355       1.58701951E-07
   48.8407364       1.73682182E-07
   48.8807373       1.88084925E-07
   48.9207382       2.01898672E-07
   48.9607391       2.15113104E-07
   49.0007401       2.27719070E-07
   49.0407410       2.39708555E-07
   49.0807419       2.51074738E-07
   49.1207428       2.61811863E-07
   49.1607437       2.71915354E-07
   49.2007446       2.81381716E-07
   49.2407455       2.90208533E-07
   49.2807465       2.98394468E-07
   49.3207474       3.05939267E-07
   49.3607483       3.12843667E-07
   49.4007492       3.19109432E-07
   49.4407501       3.24739290E-07
   49.4807510       3.29736991E-07
   49.5207520       3.34107142E-07
   49.5607529       3.37855312E-07
   49.6007538       3.40987953E-07
   49.6407547       3.43512369E-07
   49.6807556       3.45436689E-07
   49.7207565       3.46769809E-07
   49.7607574       3.47521450E-07
   49.8007584       3.47702013E-07
   49.8407593       3.47322640E-07
   49.8807602       3.46395126E-07
   49.9207611       3.44931948E-07
   49.9607620       3.42946123E-07
   50.0007629       3.40451322E-07
   50.0407639       3.37461699E-07
   50.0807648       3.33991920E-07
   50.1207657       3.30057162E-07
   50.1607666       3.25673000E-07
   50.2007675       3.20855435E-07
   50.2407684       3.15620866E-07
   50.2807693       3.09985978E-07
   50.3207703       3.03967823E-07
   50.3607712       2.97583682E-07
   50.4007721       2.90851091E-07
   50.4407730       2.83787784E-07
   50.4807739       2.76411669E-07
   50.5207748       2.68740820E-07
   50.5607758       2.60793399E-07
   50.6007767       2.52587682E-07
   50.6407776       2.44141916E-07
   50.6807785       2.35474445E-07
   50.7207794       2.26603575E-07
   50.7607803       2.17547552E-07
   50.8007812       2.08324579E-07
   50.8407822       1.98952733E-07
   50.8807831       1.89450006E-07
   50.9207840       1.79834217E-07
   50.9607849       1.70123002E-07
   51.0007858       1.60333826E-07
   51.0407867       1.50483885E-07
   51.0807877       1.40590174E-07
   51.1207886       1.30669392E-07
   51.1607895       1.20737951E-07
   51.2007904       1.10811968E-07
   51.2407913       1.00907201E-07
   51.2807922       9.10390767E-08
   51.3207932       8.12226517E-08
   51.3607941       7.14726056E-08
   51.4007950       6.18031990E-08
   51.4407959       5.22282981E-08
   51.4807968       4.27613287E-08
   51.5207977       3.34152794E-08
   51.5607986       2.42026879E-08
   51.6007996       1.51356243E-08
   51.6408005       6.22568486E-09
   51.6808014      -2.51601762E-09
   51.7208023      -1.10788596E-08
   51.7608032      -1.94527203E-08
   51.8008041      -2.76279781E-08
   51.8408051      -3.55955265E-08
   51.8808060      -4.33467733E-08
   51.9208069      -5.08736377E-08
   51.9608078      -5.81685669E-08
   52.0008087      -6.52245262E-08
   52.0408096      -7.20350073E-08
   52.0808105      -7.85940273E-08
   52.1208115      -8.48961150E-08
   52.1608124      -9.09363251E-08
   52.2008133      -9.67102309E-08
   52.2408142      -1.02213924E-07
   52.2808151      -1.07444002E-07
   52.3208160      -1.12397565E-07
   52.3608170      -1.17072226E-07
   52.4008179      -1.21466073E-07
   52.4408188      -1.25577699E-07
   52.4808197      -1.29406175E-07
   52.5208206      -1.32951030E-07
   52.5608215      -1.36212265E-07
   52.6008224      -1.39190334E-07
   52.6408234      -1.41886133E-07
   52.6808243      -1.44300998E-07
   52.7208252      -1.46436690E-07
   52.7608261      -1.48295371E-07
   52.8008270      -1.49879597E-07
   52.8408279      -1.51192339E-07
   52.8808289      -1.52236908E-07
   52.9208298      -1.53017012E-07
   52.9608307      -1.53536689E-07
   53.0008316      -1.53800315E-07
   53.0408325      -1.53812579E-07
   53.0808334      -1.53578497E-07
   53.1208344      -1.53103372E-07
   53.1608353      -1.52392786E-07
   53.2008362      -1.51452582E-07
   53.2408371      -1.50288869E-07
   53.2808380      -1.48907958E-07
   53.3208389      -1.47316413E-07
   53.3608398      -1.45521000E-07
   53.4008408      -1.43528652E-07
   53.4408417      -1.41346504E-07
   53.4808426      -1.38981846E-07
   53.5208435      -1.36442111E-07
   53.5608444      -1.33734872E-07
   53.6008453      -1.30867804E-07
   53.6408463      -1.27848679E-07
   53.6808472      -1.24685386E-07
   53.7208481      -1.21385852E-07
   53.7608490      -1.17958102E-07
   53.8008499      -1.14410170E-07
   53.8408508      -1.10750143E-07
   53.8808517      -1.06986114E-07
   53.9208527      -1.03126190E-07
   53.9608536      -9.91784574E-08
   54.0008545      -9.51509946E-08
   54.0408554      -9.10518452E-08
   54.0808563      -8.68889956E-08
   54.1208572      -8.26703754E-08
   54.1608582      -7.84038576E-08
   54.2008591      -7.40972226E-08
   54.2408600      -6.97581655E-08
   54.2808609      -6.53942749E-08
   54.3208618      -6.10130328E-08
   54.3608627      -5.66217935E-08
   54.4008636      -5.22277865E-08
   54.4408646      -4.78380926E-08
   54.4808655      -4.34596537E-08
   54.5208664      -3.90992483E-08
   54.5608673      -3.47634916E-08
   54.6008682      -3.04588283E-08
   54.6408691      -2.61915236E-08
   54.6808701      -2.19676597E-08
   54.7208710      -1.77931234E-08
   54.7608719      -1.36736098E-08
   54.8008728      -9.61460866E-09
   54.8408737      -5.62140423E-09
   54.8808746      -1.69906977E-09
   54.9208755       2.14753637E-09
   54.9608765       5.91377480E-09
   55.0008774       9.59522595E-09
   55.0408783       1.31876963E-08
   55.0808792       1.66872169E-08
   55.1208801       2.00900470E-08
   55.1608810       2.33926762E-08
   55.2008820       2.65918256E-08
   55.2408829       2.96844433E-08
   55.2808838       3.26677139E-08
   55.3208847       3.55390526E-08
   55.3608856       3.82961005E-08
   55.4008865       4.09367331E-08
   55.4408875       4.34590568E-08
   55.4808884       4.58613982E-08
   55.5208893       4.81423150E-08
   55.5608902       5.03005850E-08
   55.6008911       5.23352099E-08
   55.6408920       5.42454046E-08
   55.6808929       5.60306042E-08
   55.7208939       5.76904498E-08
   55.7608948       5.92247922E-08
   55.8008957       6.06336883E-08
   55.8408966       6.19173903E-08
   55.8808975       6.30763566E-08
   55.9208984       6.41112194E-08
   55.9608994       6.50228031E-08
   56.0009003       6.58121238E-08
   56.0409012       6.64803537E-08
   56.0809021       6.70288500E-08
   56.1209030       6.74591334E-08
   56.1609039       6.77728735E-08
   56.2009048       6.79719037E-08
   56.2409058       6.80581991E-08
   56.2809067       6.80338772E-08
   56.3209076       6.79011833E-08
   56.3609085       6.76625049E-08
   56.4009094       6.73203431E-08
   56.4409103       6.68773055E-08
   56.4809113       6.63361277E-08
   56.5209122       6.56996377E-08
   56.5609131       6.49707559E-08
   56.6009140       6.41525020E-08
   56.6409149       6.32479669E-08
   56.6809158       6.22603267E-08
   56.7209167       6.11928215E-08
   56.7609177       6.00487553E-08
   56.8009186       5.88314961E-08
   56.8409195       5.75444510E-08
   56.8809204       5.61910767E-08
   56.9209213       5.47748620E-08
   56.9609222       5.32993312E-08
   57.0009232       5.17680334E-08
   57.0409241       5.01845321E-08
   57.0809250       4.85524048E-08
   57.1209259       4.68752361E-08
   57.1609268       4.51566109E-08
   57.2009277       4.34001102E-08
   57.2409286       4.16092973E-08
   57.2809296       3.97877251E-08
   57.3209305       3.79389249E-08
   57.3609314       3.60663996E-08
   57.4009323       3.41736168E-08
   57.4409332       3.22640119E-08
   57.4809341       3.03409777E-08
   57.5209351       2.84078592E-08
   57.5609360       2.64679496E-08
   57.6009369       2.45244891E-08
   57.6409378       2.25806591E-08
   57.6809387       2.06395772E-08
   57.7209396       1.87042932E-08
   57.7609406       1.67777880E-08
   57.8009415       1.48629677E-08
   57.8409424       1.29626638E-08
   57.8809433       1.10796252E-08
   57.9209442       9.21651999E-09
   57.9609451       7.37593053E-09
   58.0009460       5.56035129E-09
   58.0409470       3.77218701E-09
   58.0809479       2.01375094E-09
   58.1209488       2.87261437E-10
   58.1609497      -1.40515777E-09
   58.2009506      -3.06148040E-09
   58.2409515      -4.67977834E-09
   58.2809525      -6.25822238E-09
   58.3209534      -7.79508458E-09
   58.3609543      -9.28873689E-09
   58.4009552      -1.07376543E-08
   58.4409561      -1.21404131E-08
   58.4809570      -1.34956926E-08
   58.5209579      -1.48022732E-08
   58.5609589      -1.60590385E-08
   58.6009598      -1.72649735E-08
   58.6409607      -1.84191666E-08
   58.6809616      -1.95208045E-08
   58.7209625      -2.05691766E-08
   58.7609634      -2.15636717E-08
   58.8009644      -2.25037748E-08
   58.8409653      -2.33890685E-08
   58.8809662      -2.42192346E-08
   58.9209671      -2.49940459E-08
   58.9609680      -2.57133710E-08
   59.0009689      -2.63771689E-08
   59.0409698      -2.69854876E-08
   59.0809708      -2.75384622E-08
   59.1209717      -2.80363164E-08
   59.1609726      -2.84793558E-08
   59.2009735      -2.88679676E-08
   59.2409744      -2.92026172E-08
   59.2809753      -2.94838500E-08
   59.3209763      -2.97122842E-08
   59.3609772      -2.98886107E-08
   59.4009781      -3.00135881E-08
   59.4409790      -3.00880458E-08
   59.4809799      -3.01128722E-08
   59.5209808      -3.00890228E-08
   59.5609818      -3.00175067E-08
   59.6009827      -2.98993932E-08
   59.6409836      -2.97358014E-08
   59.6809845      -2.95279055E-08
   59.7209854      -2.92769222E-08
   59.7609863      -2.89841164E-08
   59.8009872      -2.86507920E-08
   59.8409882      -2.82782917E-08
   59.8809891      -2.78679959E-08
   59.9209900      -2.74213185E-08
   59.9609909      -2.69397002E-08
   60.0009918      -2.64246101E-08
   60.0409927      -2.58775437E-08
   60.0809937      -2.53000145E-08
   60.1209946      -2.46935556E-08
   60.1609955      -2.40597160E-08
   60.2009964      -2.34000570E-08
   60.2409973      -2.27161507E-08
   60.2809982      -2.20095782E-08
   60.3209991      -2.12819202E-08
   60.3610001      -2.05347650E-08
   60.4010010      -1.97696970E-08
   60.4410019      -1.89882989E-08
   60.4810028      -1.81921482E-08
   60.5210037      -1.73828134E-08
   60.5610046      -1.65618523E-08
   60.6010056      -1.57308104E-08
   60.6410065      -1.48912207E-08
   60.6810074      -1.40445966E-08
   60.7210083      -1.31924338E-08
   60.7610092      -1.23362067E-08
   60.8010101      -1.14773657E-08
   60.8410110      -1.06173381E-08
   60.8810120      -9.75752368E-09
   60.9210129      -8.89929286E-09
   60.9610138      -8.04398859E-09
   61.0010147      -7.19291959E-09
   61.0410156      -6.34736308E-09
   61.0810165      -5.50856205E-09
   61.1210175      -4.67772354E-09
   61.1610184      -3.85601728E-09
   61.2010193      -3.04457548E-09
   61.2410202      -2.24449126E-09
   61.2810211      -1.45681756E-09
   61.3210220      -6.82566281E-10
   61.3610229       7.72920061E-11
   61.4010239       8.21829493E-10
   61.4410248       1.55016133E-09
   61.4810257       2.26144614E-09
   61.5210266       2.95488700E-09
   61.5610275       3.62973118E-09
   61.6010284       4.28527125E-09
   61.6410294       4.92084373E-09
   61.6810303       5.53583135E-09
   61.7210312       6.12966211E-09
   61.7610321       6.70180889E-09
   61.8010330       7.25178984E-09
   61.8410339       7.77916842E-09
   61.8810349       8.28355251E-09
   61.9210358       8.76459527E-09
   61.9610367       9.22199384E-09
   62.0010376       9.65548885E-09
   62.0410385       1.00648654E-08
   62.0810394       1.04499511E-08
   62.1210403       1.08106146E-08
   62.1610413       1.11467680E-08
   62.2010422       1.14583631E-08
   62.2410431       1.17453931E-08
   62.2810440       1.20078898E-08
   62.3210449       1.22459243E-08
   62.3610458       1.24596049E-08
   62.4010468       1.26490765E-08
   62.4410477       1.28145201E-08
   62.4810486       1.29561517E-08
   62.5210495       1.30742208E-08
   62.5610504       1.31690099E-08
   62.6010513       1.32408324E-08
   62.6410522       1.32900331E-08
   62.6810532       1.33169857E-08
   62.7210541       1.33220919E-08
   62.7610550       1.33057805E-08
   62.8010559       1.32685063E-08
   62.8410568       1.32107481E-08
   62.8810577       1.31330076E-08
   62.9210587       1.30358098E-08
   62.9610596       1.29196982E-08
   63.0010605       1.27852378E-08
   63.0410614       1.26330093E-08
   63.0810623       1.24636133E-08
   63.1210632       1.22776633E-08
   63.1610641       1.20757884E-08
   63.2010651       1.18586296E-08
   63.2410660       1.16268399E-08
   63.2810669       1.13810827E-08
   63.3210678       1.11220313E-08
   63.3610687       1.08503659E-08
   63.4010696       1.05667732E-08
   63.4410706       1.02719451E-08
   63.4810715       9.96657867E-09
   63.5210724       9.65137303E-09
   63.5610733       9.32702893E-09
   63.6010742       8.99424890E-09
   63.6410751       8.65373373E-09
   63.6810760       8.30618241E-09
   63.7210770       7.95229216E-09
   63.7610779       7.59275665E-09
   63.8010788       7.22826332E-09
   63.8410797       6.85949431E-09
   63.8810806       6.48712550E-09
   63.9210815       6.11182482E-09
   63.9610825       5.73425130E-09
   64.0010834       5.35505418E-09
   64.0410843       4.97487296E-09
   64.0810852       4.59433558E-09
   64.1210861       4.21405799E-09
   64.1610870       3.83464371E-09
   64.2010880       3.45668227E-09
   64.2410889       3.08074943E-09
   64.2810898       2.70740586E-09
   64.3210907       2.33719732E-09
   64.3610916       1.97065342E-09
   64.4010925       1.60828739E-09
   64.4410934       1.25059541E-09
   64.4810944       8.98056296E-10
   64.5210953       5.51131141E-10
   64.5610962       2.10262668E-10
   64.6010971      -1.24124849E-10
   64.6410980      -4.51626042E-10
   64.6810989      -7.71854580E-10
   64.7210999      -1.08444365E-09
   64.7611008      -1.38904577E-09
   64.8011017      -1.68533343E-09
   64.8411026      -1.97299865E-09
   64.8811035      -2.25175389E-09
   64.9211044      -2.52133114E-09
   64.9611053      -2.78148282E-09
   65.0011063      -3.03198111E-09
   65.0411072      -3.27261818E-09
   65.0811081      -3.50320639E-09
   65.1211090      -3.72357767E-09
   65.1611099      -3.93358368E-09
   65.2011108      -4.13309609E-09
   65.2411118      -4.32200498E-09
   65.2811127      -4.50022064E-09
   65.3211136      -4.66767158E-09
   65.3611145      -4.82430540E-09
   65.4011154      -4.97008745E-09
   65.4411163      -5.10500175E-09
   65.4811172      -5.22904964E-09
   65.5211182      -5.34225020E-09
   65.5611191      -5.44463941E-09
   65.6011200      -5.53626922E-09
   65.6411209      -5.61720848E-09
   65.6811218      -5.68754155E-09
   65.7211227      -5.74736791E-09
   65.7611237      -5.79680171E-09
   65.8011246      -5.83597215E-09
   65.8411255      -5.86502136E-09
   65.8811264      -5.88410565E-09
   65.9211273      -5.89339377E-09
   65.9611282      -5.89306648E-09
   66.0011292      -5.88331694E-09
   66.0411301      -5.86434901E-09
   66.0811310      -5.83637760E-09
   66.1211319      -5.79962744E-09
   66.1611328      -5.75433301E-09
   66.2011337      -5.70073722E-09
   66.2411346      -5.63909230E-09
   66.2811356      -5.56965762E-09
   66.3211365      -5.49270052E-09
   66.3611374      -5.40849410E-09
   66.4011383      -5.31731814E-09
   66.4411392      -5.21945820E-09
   66.4811401      -5.11520426E-09
   66.5211411      -5.00485076E-09
   66.5611420      -4.88869656E-09
   66.6011429      -4.76704365E-09
   66.6411438      -4.64019667E-09
   66.6811447      -4.50846205E-09
   66.7211456      -4.37214887E-09
   66.7611465      -4.23156665E-09
   66.8011475      -4.08702538E-09
   66.8411484      -3.93883548E-09
   66.8811493      -3.78730736E-09
   66.9211502      -3.63275010E-09
   66.9611511      -3.47547169E-09
   67.0011520      -3.31577810E-09
   67.0411530      -3.15397308E-09
   67.0811539      -2.99035796E-09
   67.1211548      -2.82523049E-09
   67.1611557      -2.65888511E-09
   67.2011566      -2.49161247E-09
   67.2411575      -2.32369879E-09
   67.2811584      -2.15542539E-09
   67.3211594      -1.98706873E-09
   67.3611603      -1.81889992E-09
   67.4011612      -1.65118430E-09
   67.4411621      -1.48418111E-09
   67.4811630      -1.31814326E-09
   67.5211639      -1.15331711E-09
   67.5611649      -9.89942239E-10
   67.6011658      -8.28250912E-10
   67.6411667      -6.68468225E-10
   67.6811676      -5.10811615E-10
   67.7211685      -3.55490859E-10
   67.7611694      -2.02707726E-10
   67.8011703      -5.26559213E-11
   67.8411713       9.44791051E-11
   67.8811722       2.38520259E-10
   67.9211731       3.79298953E-10
   67.9611740       5.16655219E-10
   68.0011749       6.50437704E-10
   68.0411758       7.80503828E-10
   68.0811768       9.06719810E-10
   68.1211777       1.02896069E-09
   68.1611786       1.14711041E-09
   68.2011795       1.26106181E-09
   68.2411804       1.37071643E-09
   68.2811813       1.47598489E-09
   68.3211823       1.57678637E-09
   68.3611832       1.67304892E-09
   68.4011841       1.76470938E-09
   68.4411850       1.85171312E-09
   68.4811859       1.93401406E-09
   68.5211868       2.01157446E-09
   68.5611877       2.08436512E-09
   68.6011887       2.15236495E-09
   68.6411896       2.21556107E-09
   68.6811905       2.27394836E-09
   68.7211914       2.32752972E-09
   68.7611923       2.37631537E-09
   68.8011932       2.42032305E-09
   68.8411942       2.45957810E-09
   68.8811951       2.49411269E-09
   68.9211960       2.52396615E-09
   68.9611969       2.54918420E-09
   69.0011978       2.56981925E-09
   69.0411987       2.58592969E-09
   69.0811996       2.59758060E-09
   69.1212006       2.60484234E-09
   69.1612015       2.60779109E-09
   69.2012024       2.60650834E-09
   69.2412033       2.60108091E-09
   69.2812042       2.59160027E-09
   69.3212051       2.57816257E-09
   69.3612061       2.56086863E-09
   69.4012070       2.53982324E-09
   69.4412079       2.51513499E-09
   69.4812088       2.48691623E-09
   69.5212097       2.45528287E-09
   69.5612106       2.42035370E-09
   69.6012115       2.38225062E-09
   69.6412125       2.34109798E-09
   69.6812134       2.29702257E-09
   69.7212143       2.25015340E-09
   69.7612152       2.20062146E-09
   69.8012161       2.14855911E-09
   69.8412170       2.09410023E-09
   69.8812180       2.03738004E-09
   69.9212189       1.97853445E-09
   69.9612198       1.91770022E-09
   70.0012207       1.85501425E-09
   70.0412216       1.79061399E-09
   70.0812225       1.72463677E-09
   70.1212234       1.65721969E-09
   70.1612244       1.58849933E-09
   70.2012253       1.51861179E-09
   70.2412262       1.44769230E-09
   70.2812271       1.37587486E-09
   70.3212280       1.30329236E-09
   70.3612289       1.23007626E-09
   70.4012299       1.15635634E-09
   70.4412308       1.08226061E-09
   70.4812317       1.00791520E-09
   70.5212326       9.33444100E-10
   70.5612335       8.58968841E-10
   70.6012344       7.84608767E-10
   70.6412354       7.10480508E-10
   70.6812363       6.36698028E-10
   70.7212372       5.63372515E-10
   70.7612381       4.90612106E-10
   70.8012390       4.18521912E-10
   70.8412399       3.47203905E-10
   70.8812408       2.76756729E-10
   70.9212418       2.07275669E-10
   70.9612427       1.38852596E-10
   71.0012436       7.15758286E-11
   71.0412445       5.53006946E-12
   71.0812454      -5.92036212E-11
   71.1212463      -1.22547916E-10
   71.1612473      -1.84429250E-10
   71.2012482      -2.44777865E-10
   71.2412491      -3.03527870E-10
   71.2812500      -3.60617231E-10
   71.3212509      -4.15987800E-10
   71.3612518      -4.69585371E-10
   71.4012527      -5.21359678E-10
   71.4412537      -5.71264314E-10
   71.4812546      -6.19256812E-10
   71.5212555      -6.65298650E-10
   71.5612564      -7.09355186E-10
   71.6012573      -7.51395612E-10
   71.6412582      -7.91393007E-10
   71.6812592      -8.29324220E-10
   71.7212601      -8.65169880E-10
   71.7612610      -8.98914387E-10
   71.8012619      -9.30545752E-10
   71.8412628      -9.60055591E-10
   71.8812637      -9.87439130E-10
   71.9212646      -1.01269515E-09
   71.9612656      -1.03582576E-09
   72.0012665      -1.05683640E-09
   72.0412674      -1.07573583E-09
   72.0812683      -1.09253617E-09
   72.1212692      -1.10725240E-09
   72.1612701      -1.11990273E-09
   72.2012711      -1.13050824E-09
   72.2412720      -1.13909282E-09
   72.2812729      -1.14568310E-09
   72.3212738      -1.15030852E-09
   72.3612747      -1.15300092E-09
   72.4012756      -1.15379462E-09
   72.4412766      -1.15272647E-09
   72.4812775      -1.14983523E-09
   72.5212784      -1.14516208E-09
   72.5612793      -1.13875021E-09
   72.6012802      -1.13064458E-09
   72.6412811      -1.12089205E-09
   72.6812820      -1.10954113E-09
   72.7212830      -1.09664189E-09
   72.7612839      -1.08224607E-09
   72.8012848      -1.06640652E-09
   72.8412857      -1.04917752E-09
   72.8812866      -1.03061448E-09
   72.9212875      -1.01077369E-09
   72.9612885      -9.89712423E-10
   73.0012894      -9.67488867E-10
   73.0412903      -9.44161749E-10
   73.0812912      -9.19790577E-10
   73.1212921      -8.94435137E-10
   73.1612930      -8.68155714E-10
   73.2012939      -8.41012870E-10
   73.2412949      -8.13067225E-10
   73.2812958      -7.84379617E-10
   73.3212967      -7.55010721E-10
   73.3612976      -7.25021210E-10
   73.4012985      -6.94471425E-10
   73.4412994      -6.63421484E-10
   73.4813004      -6.31931063E-10
   73.5213013      -6.00059391E-10
   73.5613022      -5.67865033E-10
   73.6013031      -5.35405997E-10
   73.6413040      -5.02739517E-10
   73.6813049      -4.69921935E-10
   73.7213058      -4.37008846E-10
   73.7613068      -4.04054817E-10
   73.8013077      -3.71113362E-10
   73.8413086      -3.38236966E-10
   73.8813095      -3.05476922E-10
   73.9213104      -2.72883327E-10
   73.9613113      -2.40504977E-10
   74.0013123      -2.08389389E-10
   74.0413132      -1.76582693E-10
   74.0813141      -1.45129603E-10
   74.1213150      -1.14073362E-10
   74.1613159      -8.34557284E-11
   74.2013168      -5.33169169E-11
   74.2413177      -2.36955733E-11
   74.2813187       5.37125726E-12
   74.3213196       3.38481569E-11
   74.3613205       6.17013662E-11
   74.4013214       8.88987842E-11
   74.4413223       1.15410015E-10
   74.4813232       1.41206366E-10
   74.5213242       1.66260866E-10
   74.5613251       1.90548244E-10
   74.6013260       2.14045004E-10
   74.6413269       2.36729358E-10
   74.6813278       2.58581268E-10
   74.7213287       2.79582413E-10
   74.7613297       2.99716196E-10
   74.8013306       3.18967769E-10
   74.8413315       3.37323947E-10
   74.8813324       3.54773294E-10
   74.9213333       3.71306014E-10
   74.9613342       3.86913973E-10
   75.0013351       4.01590705E-10
   75.0413361       4.15331380E-10
   75.0813370       4.28132696E-10
   75.1213379       4.39992986E-10
   75.1613388       4.50912085E-10
   75.2013397       4.60891325E-10
   75.2413406       4.69933537E-10
   75.2813416       4.78043050E-10
   75.3213425       4.85225471E-10
   75.3613434       4.91487906E-10
   75.4013443       4.96838681E-10
   75.4413452       5.01287512E-10
   75.4813461       5.04845332E-10
   75.5213470       5.07524245E-10
   75.5613480       5.09337517E-10
   75.6013489       5.10299580E-10
   75.6413498       5.10425924E-10
   75.6813507       5.09733089E-10
   75.7213516       5.08238507E-10
   75.7613525       5.05960662E-10
   75.8013535       5.02918818E-10
   75.8413544       4.99133124E-10
   75.8813553       4.94624564E-10
   75.9213562       4.89414786E-10
   75.9613571       4.83526108E-10
   76.0013580       4.76981565E-10
   76.0413589       4.69804751E-10
   76.0813599       4.62019784E-10
   76.1213608       4.53651283E-10
   76.1613617       4.44724313E-10
   76.2013626       4.35264325E-10
   76.2413635       4.25297103E-10
   76.2813644       4.14848766E-10
   76.3213654       4.03945627E-10
   76.3613663       3.92614247E-10
   76.4013672       3.80881299E-10
   76.4413681       3.68773595E-10
   76.4813690       3.56318031E-10
   76.5213699       3.43541445E-10
   76.5613708       3.30470734E-10
   76.6013718       3.17132681E-10
   76.6413727       3.03553988E-10
   76.6813736       2.89761187E-10
   76.7213745       2.75780621E-10
   76.7613754       2.61638405E-10
   76.8013763       2.47360410E-10
   76.8413773       2.32972197E-10
   76.8813782       2.18498997E-10
   76.9213791       2.03965664E-10
   76.9613800       1.89396651E-10
   77.0013809       1.74815995E-10
   77.0413818       1.60247246E-10
   77.0813828       1.45713469E-10
   77.1213837       1.31237229E-10
   77.1613846       1.16840537E-10
   77.2013855       1.02544827E-10
   77.2413864       8.83709633E-11
   77.2813873       7.43391806E-11
   77.3213882       6.04690881E-11
   77.3613892       4.67796496E-11
   77.4013901       3.32891527E-11
   77.4413910       2.00152030E-11
   77.4813919       6.97470814E-12
   77.5213928      -5.81613663E-12
   77.5613937      -1.83418593E-11
   77.6013947      -3.05877199E-11
   77.6413956      -4.25397217E-11
   77.6813965      -5.41846221E-11
   77.7213974      -6.55099308E-11
   77.7613983      -7.65039143E-11
   77.8013992      -8.71556161E-11
   77.8414001      -9.74548289E-11
   77.8814011      -1.07392137E-10
   77.9214020      -1.16958873E-10
   77.9614029      -1.26147134E-10
   78.0014038      -1.34949801E-10
   78.0414047      -1.43360490E-10
   78.0814056      -1.51373594E-10
   78.1214066      -1.58984229E-10
   78.1614075      -1.66188285E-10
   78.2014084      -1.72982351E-10
   78.2414093      -1.79363760E-10
   78.2814102      -1.85330570E-10
   78.3214111      -1.90881505E-10
   78.3614120      -1.96016023E-10
   78.4014130      -2.00734221E-10
   78.4414139      -2.05036876E-10
   78.4814148      -2.08925419E-10
   78.5214157      -2.12401916E-10
   78.5614166      -2.15469032E-10
   78.6014175      -2.18130056E-10
   78.6414185      -2.20388860E-10
   78.6814194      -2.22249857E-10
   78.7214203      -2.23718044E-10
   78.7614212      -2.24798916E-10
   78.8014221      -2.25498481E-10
   78.8414230      -2.25823263E-10
   78.8814240      -2.25780228E-10
   78.9214249      -2.25376814E-10
   78.9614258      -2.24620864E-10
   79.0014267      -2.23520633E-10
   79.0414276      -2.22084781E-10
   79.0814285      -2.20322302E-10
   79.1214294      -2.18242563E-10
   79.1614304      -2.15855236E-10
   79.2014313      -2.13170287E-10
   79.2414322      -2.10197956E-10
   79.2814331      -2.06948764E-10
   79.3214340      -2.03433437E-10
   79.3614349      -1.99662911E-10
   79.4014359      -1.95648345E-10
   79.4414368      -1.91401034E-10
   79.4814377      -1.86932428E-10
   79.5214386      -1.82254101E-10
   79.5614395      -1.77377724E-10
   79.6014404      -1.72315079E-10
   79.6414413      -1.67077976E-10
   79.6814423      -1.61678296E-10
   79.7214432      -1.56127916E-10
   79.7614441      -1.50438745E-10
   79.8014450      -1.44622661E-10
   79.8414459      -1.38691503E-10
   79.8814468      -1.32657052E-10
   79.9214478      -1.26531050E-10
   79.9614487      -1.20325111E-10
   80.0014496      -1.14050769E-10
