   3.99999991E-02   9.97890756E-02
   7.99999982E-02   9.93206203E-02
  0.119999997       9.85494405E-02
  0.159999996       9.74318534E-02
  0.199999988       9.59257260E-02
  0.239999980       9.39905867E-02
  0.279999971       9.15876627E-02
  0.319999963       8.86799619E-02
  0.359999955       8.52323249E-02
  0.399999946       8.12114775E-02
  0.439999938       7.65860975E-02
  0.479999930       7.13268369E-02
  0.519999921       6.54063895E-02
  0.559999943       5.87995090E-02
  0.599999964       5.14830574E-02
  0.639999986       4.34360281E-02
  0.680000007       3.46395709E-02
  0.720000029       2.50770133E-02
  0.760000050       1.47338780E-02
  0.800000072       3.59789096E-03
  0.840000093      -8.34101066E-03
  0.880000114      -2.10906789E-02
  0.920000136      -3.46567556E-02
  0.960000157      -4.90426868E-02
   1.00000012      -6.42497316E-02
   1.04000008      -8.02769884E-02
   1.08000004      -9.71214175E-02
   1.12000000     -0.114777863    
   1.15999997     -0.133239105    
   1.19999993     -0.152495891    
   1.23999989     -0.172536999    
   1.27999985     -0.193349272    
   1.31999981     -0.214917675    
   1.35999978     -0.237225398    
   1.39999974     -0.260253876    
   1.43999970     -0.283982933    
   1.47999966     -0.308390766    
   1.51999962     -0.333454102    
   1.55999959     -0.359148294    
   1.59999955     -0.385447383    
   1.63999951     -0.412324190    
   1.67999947     -0.439750493    
   1.71999943     -0.467696995    
   1.75999939     -0.496133566    
   1.79999936     -0.525029302    
   1.83999932     -0.554352522    
   1.87999928     -0.584071159    
   1.91999924     -0.614152491    
   1.95999920     -0.644563615    
   1.99999917     -0.675271273    
   2.03999925     -0.706242085    
   2.07999921     -0.737442672    
   2.11999917     -0.768839657    
   2.15999913     -0.800399840    
   2.19999909     -0.832090199    
   2.23999906     -0.863878012    
   2.27999902     -0.895731032    
   2.31999898     -0.927617371    
   2.35999894     -0.959505677    
   2.39999890     -0.991365135    
   2.43999887      -1.02316558    
   2.47999883      -1.05487740    
   2.51999879      -1.08647180    
   2.55999875      -1.11792064    
   2.59999871      -1.14919651    
   2.63999867      -1.18027270    
   2.67999864      -1.21112335    
   2.71999860      -1.24172306    
   2.75999856      -1.27204752    
   2.79999852      -1.30207300    
   2.83999848      -1.33177638    
   2.87999845      -1.36113524    
   2.91999841      -1.39012790    
   2.95999837      -1.41873336    
   2.99999833      -1.44693100    
   3.03999829      -1.47470081    
   3.07999825      -1.50202346    
   3.11999822      -1.52887988    
   3.15999818      -1.55525136    
   3.19999814      -1.58111978    
   3.23999810      -1.60646713    
   3.27999806      -1.63127577    
   3.31999803      -1.65552831    
   3.35999799      -1.67920744    
   3.39999795      -1.70229602    
   3.43999791      -1.72477686    
   3.47999787      -1.74663293    
   3.51999784      -1.76784706    
   3.55999780      -1.78840208    
   3.59999776      -1.80828059    
   3.63999772      -1.82746506    
   3.67999768      -1.84593785    
   3.71999764      -1.86368096    
   3.75999761      -1.88067615    
   3.79999757      -1.89690483    
   3.83999753      -1.91234803    
   3.87999749      -1.92698634    
   3.91999745      -1.94080007    
   3.95999742      -1.95376897    
   3.99999738      -1.96587241    
   4.03999758      -1.97708917    
   4.07999754      -1.98739755    
   4.11999750      -1.99677527    
   4.15999746      -2.00519967    
   4.19999743      -2.01264739    
   4.23999739      -2.01909447    
   4.27999735      -2.02451658    
   4.31999731      -2.02888870    
   4.35999727      -2.03218508    
   4.39999723      -2.03437996    
   4.43999720      -2.03544641    
   4.47999716      -2.03535748    
   4.51999712      -2.03408551    
   4.55999708      -2.03160238    
   4.59999704      -2.02787948    
   4.63999701      -2.02288795    
   4.67999697      -2.01659846    
   4.71999693      -2.00898147    
   4.75999689      -2.00000691    
   4.79999685      -1.98964500    
   4.83999681      -1.97786546    
   4.87999678      -1.96463811    
   4.91999674      -1.94993293    
   4.95999670      -1.93371999    
   4.99999666      -1.91596961    
   5.03999662      -1.89665258    
   5.07999659      -1.87574029    
   5.11999655      -1.85320473    
   5.15999651      -1.82901883    
   5.19999647      -1.80315638    
   5.23999643      -1.77559268    
   5.27999640      -1.74630439    
   5.31999636      -1.71526980    
   5.35999632      -1.68246913    
   5.39999628      -1.64788485    
   5.43999624      -1.61150169    
   5.47999620      -1.57330739    
   5.51999617      -1.53329241    
   5.55999613      -1.49145079    
   5.59999609      -1.44778001    
   5.63999605      -1.40228164    
   5.67999601      -1.35496151    
   5.71999598      -1.30583000    
   5.75999594      -1.25490236    
   5.79999590      -1.20219910    
   5.83999586      -1.14774621    
   5.87999582      -1.09157538    
   5.91999578      -1.03372407    
   5.95999575     -0.974235952    
   5.99999571     -0.913160920    
   6.03999567     -0.850555062    
   6.07999563     -0.786480784    
   6.11999559     -0.721006691    
   6.15999556     -0.654207468    
   6.19999552     -0.586163580    
   6.23999548     -0.516961038    
   6.27999544     -0.446691036    
   6.31999540     -0.375449449    
   6.35999537     -0.303336263    
   6.39999533     -0.230454981    
   6.43999529     -0.156911999    
   6.47999525      -8.28157663E-02
   6.51999521      -8.27608258E-03
   6.55999517       6.65967464E-02
   6.59999514      0.141692713    
   6.63999510      0.216902971    
   6.67999506      0.292120636    
   6.71999502      0.367241561    
   6.75999498      0.442165107    
   6.79999495      0.516794860    
   6.83999491      0.591039181    
   6.87999487      0.664811909    
   6.91999483      0.738032699    
   6.95999479      0.810627520    
   6.99999475      0.882528901    
   7.03999472      0.953676164    
   7.07999468       1.02401555    
   7.11999464       1.09350026    
   7.15999460       1.16209054    
   7.19999456       1.22975349    
   7.23999453       1.29646277    
   7.27999449       1.36219871    
   7.31999445       1.42694759    
   7.35999441       1.49070191    
   7.39999437       1.55345964    
   7.43999434       1.61522388    
   7.47999430       1.67600262    
   7.51999426       1.73580837    
   7.55999422       1.79465771    
   7.59999418       1.85257065    
   7.63999414       1.90957081    
   7.67999411       1.96568465    
   7.71999407       2.02094102    
   7.75999403       2.07537127    
   7.79999399       2.12900853    
   7.83999395       2.18188763    
   7.87999392       2.23404455    
   7.91999388       2.28551650    
   7.95999384       2.33634138    
   7.99999380       2.38655782    
   8.03999424       2.43620467    
   8.07999420       2.48532104    
   8.11999416       2.53394604    
   8.15999413       2.58211899    
   8.19999409       2.62987852    
   8.23999405       2.67726302    
   8.27999401       2.72431040    
   8.31999397       2.77105808    
   8.35999393       2.81754279    
   8.39999390       2.86380029    
   8.43999386       2.90986586    
   8.47999382       2.95577359    
   8.51999378       3.00155663    
   8.55999374       3.04724741    
   8.59999371       3.09287691    
   8.63999367       3.13847518    
   8.67999363       3.18407130    
   8.71999359       3.22969270    
   8.75999355       3.27536583    
   8.79999352       3.32111549    
   8.83999348       3.36696577    
   8.87999344       3.41293859    
   8.91999340       3.45905471    
   8.95999336       3.50533342    
   8.99999332       3.55179238    
   9.03999329       3.59844732    
   9.07999325       3.64531231    
   9.11999321       3.69239974    
   9.15999317       3.73972011    
   9.19999313       3.78728151    
   9.23999310       3.83509040    
   9.27999306       3.88315105    
   9.31999302       3.93146515    
   9.35999298       3.98003221    
   9.39999294       4.02884960    
   9.43999290       4.07791138    
   9.47999287       4.12721014    
   9.51999283       4.17673492    
   9.55999279       4.22647238    
   9.59999275       4.27640581    
   9.63999271       4.32651663    
   9.67999268       4.37678242    
   9.71999264       4.42717791    
   9.75999260       4.47767544    
   9.79999256       4.52824402    
   9.83999252       4.57884932    
   9.87999249       4.62945461    
   9.91999245       4.68001986    
   9.95999241       4.73050213    
   9.99999237       4.78085613    
   10.0399923       4.83103371    
   10.0799923       4.88098431    
   10.1199923       4.93065500    
   10.1599922       4.97999048    
   10.1999922       5.02893353    
   10.2399921       5.07742548    
   10.2799921       5.12540579    
   10.3199921       5.17281294    
   10.3599920       5.21958399    
   10.3999920       5.26565599    
   10.4399920       5.31096554    
   10.4799919       5.35544872    
   10.5199919       5.39904213    
   10.5599918       5.44168282    
   10.5999918       5.48330879    
   10.6399918       5.52385902    
   10.6799917       5.56327391    
   10.7199917       5.60149622    
   10.7599916       5.63846970    
   10.7999916       5.67414141    
   10.8399916       5.70846081    
   10.8799915       5.74137974    
   10.9199915       5.77285290    
   10.9599915       5.80283880    
   10.9999914       5.83129883    
   11.0399914       5.85819769    
   11.0799913       5.88350391    
   11.1199913       5.90719032    
   11.1599913       5.92923260    
   11.1999912       5.94961071    
   11.2399912       5.96830893    
   11.2799911       5.98531485    
   11.3199911       6.00061989    
   11.3599911       6.01422024    
   11.3999910       6.02611542    
   11.4399910       6.03630877    
   11.4799910       6.04480791    
   11.5199909       6.05162382    
   11.5599909       6.05677128    
   11.5999908       6.06026888    
   11.6399908       6.06213856    
   11.6799908       6.06240606    
   11.7199907       6.06110048    
   11.7599907       6.05825329    
   11.7999907       6.05390024    
   11.8399906       6.04807949    
   11.8799906       6.04083204    
   11.9199905       6.03220177    
   11.9599905       6.02223492    
   11.9999905       6.01098061    
   12.0399904       5.99849033    
   12.0799904       5.98481703    
   12.1199903       5.97001648    
   12.1599903       5.95414591    
   12.1999903       5.93726397    
   12.2399902       5.91943169    
   12.2799902       5.90071058    
   12.3199902       5.88116360    
   12.3599901       5.86085463    
   12.3999901       5.83984900    
   12.4399900       5.81821203    
   12.4799900       5.79601002    
   12.5199900       5.77330971    
   12.5599899       5.75017738    
   12.5999899       5.72667980    
   12.6399899       5.70288372    
   12.6799898       5.67885542    
   12.7199898       5.65466070    
   12.7599897       5.63036537    
   12.7999897       5.60603428    
   12.8399897       5.58173132    
   12.8799896       5.55751944    
   12.9199896       5.53346109    
   12.9599895       5.50961733    
   12.9999895       5.48604822    
   13.0399895       5.46281290    
   13.0799894       5.43996859    
   13.1199894       5.41757154    
   13.1599894       5.39567661    
   13.1999893       5.37433720    
   13.2399893       5.35360575    
   13.2799892       5.33353233    
   13.3199892       5.31416655    
   13.3599892       5.29555655    
   13.3999891       5.27774811    
   13.4399891       5.26078606    
   13.4799891       5.24471426    
   13.5199890       5.22957468    
   13.5599890       5.21540785    
   13.5999889       5.20225334    
   13.6399889       5.19014883    
   13.6799889       5.17913103    
   13.7199888       5.16923523    
   13.7599888       5.16049576    
   13.7999887       5.15294504    
   13.8399887       5.14661455    
   13.8799887       5.14153481    
   13.9199886       5.13773441    
   13.9599886       5.13524151    
   13.9999886       5.13408184    
   14.0399885       5.13428116    
   14.0799885       5.13586283    
   14.1199884       5.13884974    
   14.1599884       5.14326286    
   14.1999884       5.14912176    
   14.2399883       5.15644503    
   14.2799883       5.16524887    
   14.3199883       5.17554903    
   14.3599882       5.18735886    
   14.3999882       5.20068979    
   14.4399881       5.21555233    
   14.4799881       5.23195410    
   14.5199881       5.24990177    
   14.5599880       5.26939869    
   14.5999880       5.29044676    
   14.6399879       5.31304550    
   14.6799879       5.33719206    
   14.7199879       5.36288071    
   14.7599878       5.39010334    
   14.7999878       5.41884899    
   14.8399878       5.44910431    
   14.8799877       5.48085165    
   14.9199877       5.51407194    
   14.9599876       5.54874182    
   14.9999876       5.58483505    
   15.0399876       5.62232208    
   15.0799875       5.66117048    
   15.1199875       5.70134401    
   15.1599874       5.74280357    
   15.1999874       5.78550625    
   15.2399874       5.82940674    
   15.2799873       5.87445593    
   15.3199873       5.92060184    
   15.3599873       5.96779013    
   15.3999872       6.01596308    
   15.4399872       6.06506062    
   15.4799871       6.11502075    
   15.5199871       6.16577911    
   15.5599871       6.21726990    
   15.5999870       6.26942587    
   15.6399870       6.32217789    
   15.6799870       6.37545729    
   15.7199869       6.42919397    
   15.7599869       6.48331833    
   15.7999868       6.53776073    
   15.8399868       6.59245205    
   15.8799868       6.64732409    
   15.9199867       6.70231056    
   15.9599867       6.75734568    
   15.9999866       6.81236696    
   16.0399876       6.86731291    
   16.0799885       6.92212534    
   16.1199894       6.97674799    
   16.1599903       7.03112793    
   16.1999912       7.08521557    
   16.2399921       7.13896418    
   16.2799931       7.19233036    
   16.3199940       7.24527407    
   16.3599949       7.29775858    
   16.3999958       7.34975100    
   16.4399967       7.40122128    
   16.4799976       7.45214319    
   16.5199986       7.50249386    
   16.5599995       7.55225372    
   16.6000004       7.60140562    
   16.6400013       7.64993620    
   16.6800022       7.69783449    
   16.7200031       7.74509239    
   16.7600040       7.79170418    
   16.8000050       7.83766699    
   16.8400059       7.88297987    
   16.8800068       7.92764378    
   16.9200077       7.97166157    
   16.9600086       8.01503754    
   17.0000095       8.05777836    
   17.0400105       8.09989166    
   17.0800114       8.14138603    
   17.1200123       8.18227100    
   17.1600132       8.22255707    
   17.2000141       8.26225567    
   17.2400150       8.30137825    
   17.2800159       8.33993816    
   17.3200169       8.37794781    
   17.3600178       8.41542053    
   17.4000187       8.45236874    
   17.4400196       8.48880672    
   17.4800205       8.52474689    
   17.5200214       8.56020260    
   17.5600224       8.59518623    
   17.6000233       8.62971115    
   17.6400242       8.66378880    
   17.6800251       8.69743156    
   17.7200260       8.73064995    
   17.7600269       8.76345634    
   17.8000278       8.79586029    
   17.8400288       8.82787132    
   17.8800297       8.85949898    
   17.9200306       8.89075279    
   17.9600315       8.92163944    
   18.0000324       8.95216751    
   18.0400333       8.98234272    
   18.0800343       9.01217175    
   18.1200352       9.04166031    
   18.1600361       9.07081318    
   18.2000370       9.09963417    
   18.2400379       9.12812614    
   18.2800388       9.15629196    
   18.3200397       9.18413353    
   18.3600407       9.21165276    
   18.4000416       9.23884964    
   18.4400425       9.26572514    
   18.4800434       9.29227734    
   18.5200443       9.31850624    
   18.5600452       9.34440899    
   18.6000462       9.36998272    
   18.6400471       9.39522457    
   18.6800480       9.42013073    
   18.7200489       9.44469738    
   18.7600498       9.46891880    
   18.8000507       9.49279022    
   18.8400517       9.51630497    
   18.8800526       9.53945637    
   18.9200535       9.56223774    
   18.9600544       9.58464146    
   19.0000553       9.60665894    
   19.0400562       9.62828255    
   19.0800571       9.64950275    
   19.1200581       9.67031097    
   19.1600590       9.69069767    
   19.2000599       9.71065235    
   19.2400608       9.73016453    
   19.2800617       9.74922466    
   19.3200626       9.76782131    
   19.3600636       9.78594303    
   19.4000645       9.80357838    
   19.4400654       9.82071686    
   19.4800663       9.83734608    
   19.5200672       9.85345364    
   19.5600681       9.86902809    
   19.6000690       9.88405800    
   19.6400700       9.89853096    
   19.6800709       9.91243458    
   19.7200718       9.92575741    
   19.7600727       9.93848705    
   19.8000736       9.95061111    
   19.8400745       9.96211815    
   19.8800755       9.97299671    
   19.9200764       9.98323441    
   19.9600773       9.99281979    
   20.0000782       10.0017424    
   20.0400791       10.0099897    
   20.0800800       10.0175524    
   20.1200809       10.0244188    
   20.1600819       10.0305786    
   20.2000828       10.0360222    
   20.2400837       10.0407391    
   20.2800846       10.0447206    
   20.3200855       10.0479565    
   20.3600864       10.0504389    
   20.4000874       10.0521593    
   20.4400883       10.0531092    
   20.4800892       10.0532808    
   20.5200901       10.0526667    
   20.5600910       10.0512600    
   20.6000919       10.0490541    
   20.6400928       10.0460424    
   20.6800938       10.0422182    
   20.7200947       10.0375767    
   20.7600956       10.0321131    
   20.8000965       10.0258207    
   20.8400974       10.0186958    
   20.8800983       10.0107346    
   20.9200993       10.0019321    
   20.9601002       9.99228382    
   21.0001011       9.98178673    
   21.0401020       9.97043705    
   21.0801029       9.95823193    
   21.1201038       9.94516754    
   21.1601048       9.93124104    
   21.2001057       9.91644859    
   21.2401066       9.90078831    
   21.2801075       9.88425636    
   21.3201084       9.86685085    
   21.3601093       9.84856796    
   21.4001102       9.82940483    
   21.4401112       9.80935764    
   21.4801121       9.78842354    
   21.5201130       9.76659966    
   21.5601139       9.74388218    
   21.6001148       9.72026634    
   21.6401157       9.69574928    
   21.6801167       9.67032623    
   21.7201176       9.64399242    
   21.7601185       9.61674213    
   21.8001194       9.58857155    
   21.8401203       9.55947399    
   21.8801212       9.52944374    
   21.9201221       9.49847507    
   21.9601231       9.46656132    
   22.0001240       9.43369579    
   22.0401249       9.39987183    
   22.0801258       9.36508083    
   22.1201267       9.32931614    
   22.1601276       9.29257011    
   22.2001286       9.25483513    
   22.2401295       9.21610260    
   22.2801304       9.17636490    
   22.3201313       9.13561440    
   22.3601322       9.09384441    
   22.4001331       9.05104637    
   22.4401340       9.00721455    
   22.4801350       8.96234322    
   22.5201359       8.91642666    
   22.5601368       8.86946011    
   22.6001377       8.82144070    
   22.6401386       8.77236748    
   22.6801395       8.72223949    
   22.7201405       8.67105865    
   22.7601414       8.61882782    
   22.8001423       8.56555367    
   22.8401432       8.51124477    
   22.8801441       8.45591259    
   22.9201450       8.39957142    
   22.9601460       8.34223938    
   23.0001469       8.28393841    
   23.0401478       8.22469425    
   23.0801487       8.16453838    
   23.1201496       8.10350418    
   23.1601505       8.04163265    
   23.2001514       7.97896767    
   23.2401524       7.91555977    
   23.2801533       7.85146427    
   23.3201542       7.78674269    
   23.3601551       7.72146177    
   23.4001560       7.65569401    
   23.4401569       7.58951712    
   23.4801579       7.52301455    
   23.5201588       7.45627546    
   23.5601597       7.38939381    
   23.6001606       7.32246828    
   23.6401615       7.25560236    
   23.6801624       7.18890285    
   23.7201633       7.12248039    
   23.7601643       7.05644846    
   23.8001652       6.99092340    
   23.8401661       6.92602301    
   23.8801670       6.86186552    
   23.9201679       6.79857016    
   23.9601688       6.73625612    
   24.0001698       6.67504120    
   24.0401707       6.61504126    
   24.0801716       6.55637026    
   24.1201725       6.49913883    
   24.1601734       6.44345522    
   24.2001743       6.38942242    
   24.2401752       6.33713913    
   24.2801762       6.28670025    
   24.3201771       6.23819399    
   24.3601780       6.19170427    
   24.4001789       6.14730835    
   24.4401798       6.10507822    
   24.4801807       6.06507921    
   24.5201817       6.02737141    
   24.5601826       5.99200821    
   24.6001835       5.95903683    
   24.6401844       5.92849874    
   24.6801853       5.90042973    
   24.7201862       5.87485886    
   24.7601871       5.85181046    
   24.8001881       5.83130312    
   24.8401890       5.81334972    
   24.8801899       5.79795837    
   24.9201908       5.78513145    
   24.9601917       5.77486706    
   25.0001926       5.76715851    
   25.0401936       5.76199389    
   25.0801945       5.75935745    
   25.1201954       5.75922871    
   25.1601963       5.76158285    
   25.2001972       5.76639175    
   25.2401981       5.77362204    
   25.2801991       5.78323698    
   25.3202000       5.79519653    
   25.3602009       5.80945539    
   25.4002018       5.82596588    
   25.4402027       5.84467602    
   25.4802036       5.86553001    
   25.5202045       5.88846874    
   25.5602055       5.91342926    
   25.6002064       5.94034576    
   25.6402073       5.96914911    
   25.6802082       5.99976635    
   25.7202091       6.03212214    
   25.7602100       6.06613779    
   25.8002110       6.10173178    
   25.8402119       6.13882017    
   25.8802128       6.17731619    
   25.9202137       6.21713114    
   25.9602146       6.25817490    
   26.0002155       6.30035496    
   26.0402164       6.34357738    
   26.0802174       6.38774776    
   26.1202183       6.43277025    
   26.1602192       6.47854900    
   26.2002201       6.52498770    
   26.2402210       6.57199049    
   26.2802219       6.61946154    
   26.3202229       6.66730690    
   26.3602238       6.71543312    
   26.4002247       6.76374817    
   26.4402256       6.81216192    
   26.4802265       6.86058664    
   26.5202274       6.90893698    
   26.5602283       6.95712996    
   26.6002293       7.00508547    
   26.6402302       7.05272627    
   26.6802311       7.09997845    
   26.7202320       7.14677143    
   26.7602329       7.19303751    
   26.8002338       7.23871279    
   26.8402348       7.28373623    
   26.8802357       7.32805061    
   26.9202366       7.37160254    
   26.9602375       7.41434097    
   27.0002384       7.45621824    
   27.0402393       7.49719048    
   27.0802402       7.53721571    
   27.1202412       7.57625580    
   27.1602421       7.61427498    
   27.2002430       7.65123987    
   27.2402439       7.68711948    
   27.2802448       7.72188520    
   27.3202457       7.75550985    
   27.3602467       7.78796864    
   27.4002476       7.81923866    
   27.4402485       7.84929752    
   27.4802494       7.87812471    
   27.5202503       7.90570116    
   27.5602512       7.93200779    
   27.6002522       7.95702744    
   27.6402531       7.98074293    
   27.6802540       8.00313759    
   27.7202549       8.02419472    
   27.7602558       8.04389954    
   27.8002567       8.06223583    
   27.8402576       8.07918739    
   27.8802586       8.09473896    
   27.9202595       8.10887527    
   27.9602604       8.12157917    
   28.0002613       8.13283443    
   28.0402622       8.14262486    
   28.0802631       8.15093327    
   28.1202641       8.15774250    
   28.1602650       8.16303539    
   28.2002659       8.16679287    
   28.2402668       8.16899586    
   28.2802677       8.16962624    
   28.3202686       8.16866398    
   28.3602695       8.16609001    
   28.4002705       8.16188335    
   28.4402714       8.15602398    
   28.4802723       8.14849186    
   28.5202732       8.13926601    
   28.5602741       8.12832546    
   28.6002750       8.11564922    
   28.6402760       8.10121727    
   28.6802769       8.08500957    
   28.7202778       8.06700611    
   28.7602787       8.04718781    
   28.8002796       8.02553558    
   28.8402805       8.00203323    
   28.8802814       7.97666311    
   28.9202824       7.94941092    
   28.9602833       7.92026329    
   29.0002842       7.88920879    
   29.0402851       7.85623789    
   29.0802860       7.82134390    
   29.1202869       7.78452253    
   29.1602879       7.74577188    
   29.2002888       7.70509434    
   29.2402897       7.66249514    
   29.2802906       7.61798429    
   29.3202915       7.57157469    
   29.3602924       7.52328491    
   29.4002934       7.47313833    
   29.4402943       7.42116261    
   29.4802952       7.36739111    
   29.5202961       7.31186295    
   29.5602970       7.25462341    
   29.6002979       7.19572258    
   29.6402988       7.13521767    
   29.6802998       7.07317114    
   29.7203007       7.00965166    
   29.7603016       6.94473410    
   29.8003025       6.87849855    
   29.8403034       6.81103086    
   29.8803043       6.74242163    
   29.9203053       6.67276669    
   29.9603062       6.60216570    
   30.0003071       6.53072166    
   30.0403080       6.45854139    
   30.0803089       6.38573313    
   30.1203098       6.31240749    
   30.1603107       6.23867512    
   30.2003117       6.16464710    
   30.2403126       6.09043360    
   30.2803135       6.01614285    
   30.3203144       5.94188070    
   30.3603153       5.86775064    
   30.4003162       5.79385138    
   30.4403172       5.72027779    
   30.4803181       5.64711905    
   30.5203190       5.57445908    
   30.5603199       5.50237560    
   30.6003208       5.43094063    
   30.6403217       5.36021852    
   30.6803226       5.29026794    
   30.7203236       5.22113991    
   30.7603245       5.15287924    
   30.8003254       5.08552313    
   30.8403263       5.01910305    
   30.8803272       4.95364285    
   30.9203281       4.88916159    
   30.9603291       4.82567120    
   31.0003300       4.76317835    
   31.0403309       4.70168447    
   31.0803318       4.64118624    
   31.1203327       4.58167505    
   31.1603336       4.52313900    
   31.2003345       4.46556234    
   31.2403355       4.40892506    
   31.2803364       4.35320473    
   31.3203373       4.29837608    
   31.3603382       4.24441195    
   31.4003391       4.19128227    
   31.4403400       4.13895607    
   31.4803410       4.08740044    
   31.5203419       4.03658152    
   31.5603428       3.98646426    
   31.6003437       3.93701363    
   31.6403446       3.88819361    
   31.6803455       3.83996797    
   31.7203465       3.79230046    
   31.7603474       3.74515486    
   31.8003483       3.69849515    
   31.8403492       3.65228581    
   31.8803501       3.60649133    
   31.9203510       3.56107736    
   31.9603519       3.51600981    
   32.0003510       3.47125506    
   32.0403519       3.42678094    
   32.0803528       3.38255548    
   32.1203537       3.33854818    
   32.1603546       3.29472899    
   32.2003555       3.25106931    
   32.2403564       3.20754123    
   32.2803574       3.16411805    
   32.3203583       3.12077427    
   32.3603592       3.07748532    
   32.4003601       3.03422809    
   32.4403610       2.99098063    
   32.4803619       2.94772220    
   32.5203629       2.90443325    
   32.5603638       2.86109591    
   32.6003647       2.81769323    
   32.6403656       2.77420998    
   32.6803665       2.73063231    
   32.7203674       2.68694782    
   32.7603683       2.64314580    
   32.8003693       2.59921718    
   32.8403702       2.55515409    
   32.8803711       2.51095080    
   32.9203720       2.46660328    
   32.9603729       2.42210913    
   33.0003738       2.37746811    
   33.0403748       2.33268142    
   33.0803757       2.28775263    
   33.1203766       2.24268723    
   33.1603775       2.19749260    
   33.2003784       2.15217853    
   33.2403793       2.10675693    
   33.2803802       2.06124163    
   33.3203812       2.01564884    
   33.3603821       1.96999693    
   33.4003830       1.92430663    
   33.4403839       1.87860096    
   33.4803848       1.83290517    
   33.5203857       1.78724670    
   33.5603867       1.74165535    
   33.6003876       1.69616282    
   33.6403885       1.65080321    
   33.6803894       1.60561252    
   33.7203903       1.56062877    
   33.7603912       1.51589179    
   33.8003922       1.47144306    
   33.8403931       1.42732584    
   33.8803940       1.38358486    
   33.9203949       1.34026611    
   33.9603958       1.29741669    
   34.0003967       1.25508463    
   34.0403976       1.21331882    
   34.0803986       1.17216861    
   34.1203995       1.13168371    
   34.1604004       1.09191394    
   34.2004013       1.05290902    
   34.2404022       1.01471841    
   34.2804031      0.977390766    
   34.3204041      0.940974176    
   34.3604050      0.905515552    
   34.4004059      0.871060610    
   34.4404068      0.837653577    
   34.4804077      0.805337012    
   34.5204086      0.774151623    
   34.5604095      0.744135976    
   34.6004105      0.715326428    
   34.6404114      0.687756956    
   34.6804123      0.661458969    
   34.7204132      0.636461139    
   34.7604141      0.612789333    
   34.8004150      0.590466499    
   34.8404160      0.569512606    
   34.8804169      0.549944520    
   34.9204178      0.531775892    
   34.9604187      0.515017271    
   35.0004196      0.499675930    
   35.0404205      0.485755861    
   35.0804214      0.473257869    
   35.1204224      0.462179512    
   35.1604233      0.452515095    
   35.2004242      0.444255739    
   35.2404251      0.437389433    
   35.2804260      0.431901067    
   35.3204269      0.427772492    
   35.3604279      0.424982607    
   35.4004288      0.423507422    
   35.4404297      0.423320144    
   35.4804306      0.424391299    
   35.5204315      0.426688761    
   35.5604324      0.430177957    
   35.6004333      0.434821874    
   35.6404343      0.440581262    
   35.6804352      0.447414726    
   35.7204361      0.455278814    
   35.7604370      0.464128166    
   35.8004379      0.473915666    
   35.8404388      0.484592557    
   35.8804398      0.496108592    
   35.9204407      0.508412123    
   35.9604416      0.521450281    
   36.0004425      0.535169125    
   36.0404434      0.549513757    
   36.0804443      0.564428389    
   36.1204453      0.579856575    
   36.1604462      0.595741391    
   36.2004471      0.612025380    
   36.2404480      0.628650904    
   36.2804489      0.645560026    
   36.3204498      0.662694812    
   36.3604507      0.679997444    
   36.4004517      0.697410226    
   36.4404526      0.714875698    
   36.4804535      0.732336879    
   36.5204544      0.749737203    
   36.5604553      0.767020643    
   36.6004562      0.784131885    
   36.6404572      0.801016331    
   36.6804581      0.817620099    
   36.7204590      0.833890200    
   36.7604599      0.849774599    
   36.8004608      0.865222156    
   36.8404617      0.880182803    
   36.8804626      0.894607484    
   36.9204636      0.908448219    
   36.9604645      0.921658158    
   37.0004654      0.934191585    
   37.0404663      0.946003973    
   37.0804672      0.957051933    
   37.1204681      0.967293382    
   37.1604691      0.976687312    
   37.2004700      0.985194087    
   37.2404709      0.992775261    
   37.2804718      0.999393642    
   37.3204727       1.00501335    
   37.3604736       1.00959969    
   37.4004745       1.01311946    
   37.4404755       1.01554072    
   37.4804764       1.01683271    
   37.5204773       1.01696622    
   37.5604782       1.01591349    
   37.6004791       1.01364791    
   37.6404800       1.01014471    
   37.6804810       1.00538027    
   37.7204819      0.999332786    
   37.7604828      0.991981924    
   37.8004837      0.983309031    
   37.8404846      0.973297119    
   37.8804855      0.961931050    
   37.9204865      0.949197471    
   37.9604874      0.935084939    
   38.0004883      0.919584036    
   38.0404892      0.902687371    
   38.0804901      0.884389699    
   38.1204910      0.864688039    
   38.1604919      0.843581617    
   38.2004929      0.821072221    
   38.2404938      0.797163963    
   38.2804947      0.771863520    
   38.3204956      0.745180309    
   38.3604965      0.717126369    
   38.4004974      0.687716544    
   38.4404984      0.656968415    
   38.4804993      0.624902546    
   38.5205002      0.591542304    
   38.5605011      0.556914091    
   38.6005020      0.521047115    
   38.6405029      0.483973563    
   38.6805038      0.445728540    
   38.7205048      0.406349957    
   38.7605057      0.365878493    
   38.8005066      0.324357510    
   38.8405075      0.281832993    
   38.8805084      0.238353342    
   38.9205093      0.193969235    
   38.9605103      0.148733482    
   39.0005112      0.102700800    
   39.0405121       5.59276007E-02
   39.0805130       8.47177207E-03
   39.1205139      -3.96075845E-02
   39.1605148      -8.82504135E-02
   39.2005157     -0.137395978    
   39.2405167     -0.186983138    
   39.2805176     -0.236950651    
   39.3205185     -0.287237436    
   39.3605194     -0.337782919    
   39.4005203     -0.388527215    
   39.4405212     -0.439411491    
   39.4805222     -0.490378201    
   39.5205231     -0.541371286    
   39.5605240     -0.592336535    
   39.6005249     -0.643221617    
   39.6405258     -0.693976462    
   39.6805267     -0.744553208    
   39.7205276     -0.794906616    
   39.7605286     -0.844993889    
   39.8005295     -0.894775033    
   39.8405304     -0.944212794    
   39.8805313     -0.993272781    
   39.9205322      -1.04192328    
   39.9605331      -1.09013557    
   40.0005341      -1.13788366    
   40.0405350      -1.18514431    
   40.0805359      -1.23189688    
   40.1205368      -1.27812362    
   40.1605377      -1.32380915    
   40.2005386      -1.36894059    
   40.2405396      -1.41350722    
   40.2805405      -1.45750070    
   40.3205414      -1.50091457    
   40.3605423      -1.54374444    
   40.4005432      -1.58598769    
   40.4405441      -1.62764323    
   40.4805450      -1.66871166    
   40.5205460      -1.70919478    
   40.5605469      -1.74909556    
   40.6005478      -1.78841829    
   40.6405487      -1.82716799    
   40.6805496      -1.86535060    
   40.7205505      -1.90297270    
   40.7605515      -1.94004142    
   40.8005524      -1.97656453    
   40.8405533      -2.01254988    
   40.8805542      -2.04800582    
   40.9205551      -2.08294082    
   40.9605560      -2.11736321    
   41.0005569      -2.15128136    
   41.0405579      -2.18470383    
   41.0805588      -2.21763873    
   41.1205597      -2.25009394    
   41.1605606      -2.28207707    
   41.2005615      -2.31359553    
   41.2405624      -2.34465623    
   41.2805634      -2.37526560    
   41.3205643      -2.40542984    
   41.3605652      -2.43515420    
   41.4005661      -2.46444368    
   41.4405670      -2.49330258    
   41.4805679      -2.52173471    
   41.5205688      -2.54974318    
   41.5605698      -2.57733059    
   41.6005707      -2.60449862    
   41.6405716      -2.63124871    
   41.6805725      -2.65758109    
   41.7205734      -2.68349576    
   41.7605743      -2.70899177    
   41.8005753      -2.73406768    
   41.8405762      -2.75872111    
   41.8805771      -2.78294921    
   41.9205780      -2.80674839    
   41.9605789      -2.83011436    
   42.0005798      -2.85304189    
   42.0405807      -2.87552547    
   42.0805817      -2.89755893    
   42.1205826      -2.91913509    
   42.1605835      -2.94024634    
   42.2005844      -2.96088457    
   42.2405853      -2.98104072    
   42.2805862      -3.00070524    
   42.3205872      -3.01986814    
   42.3605881      -3.03851867    
   42.4005890      -3.05664539    
   42.4405899      -3.07423663    
   42.4805908      -3.09127998    
   42.5205917      -3.10776234    
   42.5605927      -3.12367034    
   42.6005936      -3.13899016    
   42.6405945      -3.15370727    
   42.6805954      -3.16780686    
   42.7205963      -3.18127346    
   42.7605972      -3.19409132    
   42.8005981      -3.20624447    
   42.8405991      -3.21771598    
   42.8806000      -3.22848892    
   42.9206009      -3.23854613    
   42.9606018      -3.24786973    
   43.0006027      -3.25644183    
   43.0406036      -3.26424384    
   43.0806046      -3.27125740    
   43.1206055      -3.27746320    
   43.1606064      -3.28284216    
   43.2006073      -3.28737473    
   43.2406082      -3.29104090    
   43.2806091      -3.29382062    
   43.3206100      -3.29569364    
   43.3606110      -3.29663944    
   43.4006119      -3.29663706    
   43.4406128      -3.29566550    
   43.4806137      -3.29370332    
   43.5206146      -3.29072905    
   43.5606155      -3.28672075    
   43.6006165      -3.28165650    
   43.6406174      -3.27551389    
   43.6806183      -3.26827025    
   43.7206192      -3.25990272    
   43.7606201      -3.25038815    
   43.8006210      -3.23970294    
   43.8406219      -3.22782326    
   43.8806229      -3.21472502    
   43.9206238      -3.20038366    
   43.9606247      -3.18477440    
   44.0006256      -3.16787219    
   44.0406265      -3.14965105    
   44.0806274      -3.13008523    
   44.1206284      -3.10914826    
   44.1606293      -3.08681321    
   44.2006302      -3.06305265    
   44.2406311      -3.03783917    
   44.2806320      -3.01114464    
   44.3206329      -2.98294044    
   44.3606339      -2.95319772    
   44.4006348      -2.92188740    
   44.4406357      -2.88898015    
   44.4806366      -2.85444617    
   44.5206375      -2.81825566    
   44.5606384      -2.78037882    
   44.6006393      -2.74078608    
   44.6406403      -2.69944763    
   44.6806412      -2.65633464    
   44.7206421      -2.61141872    
   44.7606430      -2.56467199    
   44.8006439      -2.51606798    
   44.8406448      -2.46558142    
   44.8806458      -2.41318893    
   44.9206467      -2.35886908    
   44.9606476      -2.30260324    
   45.0006485      -2.24437547    
   45.0406494      -2.18417335    
   45.0806503      -2.12198853    
   45.1206512      -2.05781746    
   45.1606522      -1.99166131    
   45.2006531      -1.92352736    
   45.2406540      -1.85342920    
   45.2806549      -1.78138769    
   45.3206558      -1.70743132    
   45.3606567      -1.63159716    
   45.4006577      -1.55393100    
   45.4406586      -1.47448850    
   45.4806595      -1.39333510    
   45.5206604      -1.31054676    
   45.5606613      -1.22621012    
   45.6006622      -1.14042282    
   45.6406631      -1.05329323    
   45.6806641     -0.964940548    
   45.7206650     -0.875494361    
   45.7606659     -0.785094082    
   45.8006668     -0.693888366    
   45.8406677     -0.602034152    
   45.8806686     -0.509695649    
   45.9206696     -0.417043060    
   45.9606705     -0.324251354    
   46.0006714     -0.231498659    
   46.0406723     -0.138964832    
   46.0806732      -4.68298346E-02
   46.1206741       4.47278470E-02
   46.1606750      0.135532737    
   46.2006760      0.225413814    
   46.2406769      0.314205945    
   46.2806778      0.401751071    
   46.3206787      0.487899303    
   46.3606796      0.572509825    
   46.4006805      0.655451536    
   46.4406815      0.736603737    
   46.4806824      0.815856338    
   46.5206833      0.893110037    
   46.5606842      0.968276262    
   46.6006851       1.04127717    
   46.6406860       1.11204493    
   46.6806870       1.18052185    
   46.7206879       1.24665940    
   46.7606888       1.31041789    
   46.8006897       1.37176561    
   46.8406906       1.43067825    
   46.8806915       1.48713827    
   46.9206924       1.54113388    
   46.9606934       1.59265876    
   47.0006943       1.64171100    
   47.0406952       1.68829262    
   47.0806961       1.73240888    
   47.1206970       1.77406776    
   47.1606979       1.81327927    
   47.2006989       1.85005510    
   47.2406998       1.88440800    
   47.2807007       1.91635144    
   47.3207016       1.94589937    
   47.3607025       1.97306573    
   47.4007034       1.99786413    
   47.4407043       2.02030778    
   47.4807053       2.04040909    
   47.5207062       2.05817938    
   47.5607071       2.07362938    
   47.6007080       2.08676815    
   47.6407089       2.09760404    
   47.6807098       2.10614347    
   47.7207108       2.11239219    
   47.7607117       2.11635399    
   47.8007126       2.11803150    
   47.8407135       2.11742616    
   47.8807144       2.11453795    
   47.9207153       2.10936546    
   47.9607162       2.10190654    
   48.0007172       2.09215760    
   48.0407181       2.08011436    
   48.0807190       2.06577182    
   48.1207199       2.04912400    
   48.1607208       2.03016472    
   48.2007217       2.00888753    
   48.2407227       1.98528576    
   48.2807236       1.95935333    
   48.3207245       1.93108428    
   48.3607254       1.90047348    
   48.4007263       1.86751711    
   48.4407272       1.83221257    
   48.4807281       1.79455900    
   48.5207291       1.75455785    
   48.5607300       1.71221316    
   48.6007309       1.66753185    
   48.6407318       1.62052453    
   48.6807327       1.57120550    
   48.7207336       1.51959360    
   48.7607346       1.46571267    
   48.8007355       1.40959167    
   48.8407364       1.35126567    
   48.8807373       1.29077578    
   48.9207382       1.22816992    
   48.9607391       1.16350317    
   49.0007401       1.09683788    
   49.0407410       1.02824402    
   49.0807419      0.957799375    
   49.1207428      0.885589778    
   49.1607437      0.811708868    
   49.2007446      0.736258030    
   49.2407455      0.659346163    
   49.2807465      0.581089258    
   49.3207474      0.501610041    
   49.3607483      0.421037138    
   49.4007492      0.339504451    
   49.4407501      0.257150233    
   49.4807510      0.174116194    
   49.5207520       9.05463547E-02
   49.5607529       6.58601522E-03
   49.6007538      -7.76194483E-02
   49.6407547     -0.161925733    
   49.6807556     -0.246190771    
   49.7207565     -0.330275893    
   49.7607574     -0.414046913    
   49.8007584     -0.497375101    
   49.8407593     -0.580138087    
   49.8807602     -0.662220716    
   49.9207611     -0.743515611    
   49.9607620     -0.823923826    
   50.0007629     -0.903355241    
   50.0407639     -0.981728792    
   50.0807648      -1.05897260    
   50.1207657      -1.13502407    
   50.1607666      -1.20982969    
   50.2007675      -1.28334498    
   50.2407684      -1.35553396    
   50.2807693      -1.42636895    
   50.3207703      -1.49583018    
   50.3607712      -1.56390512    
   50.4007721      -1.63058805    
   50.4407730      -1.69587970    
   50.4807739      -1.75978637    
   50.5207748      -1.82231951    
   50.5607758      -1.88349521    
   50.6007767      -1.94333351    
   50.6407776      -2.00185823    
   50.6807785      -2.05909586    
   50.7207794      -2.11507535    
   50.7607803      -2.16982818    
   50.8007812      -2.22338724    
   50.8407822      -2.27578640    
   50.8807831      -2.32706094    
   50.9207840      -2.37724662    
   50.9607849      -2.42637944    
   51.0007858      -2.47449517    
   51.0407867      -2.52162981    
   51.0807877      -2.56781888    
   51.1207886      -2.61309719    
   51.1607895      -2.65749884    
   51.2007904      -2.70105696    
   51.2407913      -2.74380398    
   51.2807922      -2.78577113    
   51.3207932      -2.82698846    
   51.3607941      -2.86748481    
   51.4007950      -2.90728760    
   51.4407959      -2.94642329    
   51.4807968      -2.98491669    
   51.5207977      -3.02279139    
   51.5607986      -3.06006956    
   51.6007996      -3.09677196    
   51.6408005      -3.13291812    
   51.6808014      -3.16852617    
   51.7208023      -3.20361280    
   51.7608032      -3.23819327    
   51.8008041      -3.27228189    
   51.8408051      -3.30589151    
   51.8808060      -3.33903360    
   51.9208069      -3.37171841    
   51.9608078      -3.40395522    
   52.0008087      -3.43575215    
   52.0408096      -3.46711612    
   52.0808105      -3.49805284    
   52.1208115      -3.52856708    
   52.1608124      -3.55866265    
   52.2008133      -3.58834243    
   52.2408142      -3.61760831    
   52.2808151      -3.64646125    
   52.3208160      -3.67490149    
   52.3608170      -3.70292854    
   52.4008179      -3.73054099    
   52.4408188      -3.75773692    
   52.4808197      -3.78451371    
   52.5208206      -3.81086802    
   52.5608215      -3.83679605    
   52.6008224      -3.86229372    
   52.6408234      -3.88735604    
   52.6808243      -3.91197801    
   52.7208252      -3.93615389    
   52.7608261      -3.95987821    
   52.8008270      -3.98314452    
   52.8408279      -4.00594664    
   52.8808289      -4.02827835    
   52.9208298      -4.05013323    
   52.9608307      -4.07150412    
   53.0008316      -4.09238482    
   53.0408325      -4.11276865    
   53.0808334      -4.13264942    
   53.1208344      -4.15202045    
   53.1608353      -4.17087603    
   53.2008362      -4.18920994    
   53.2408371      -4.20701647    
   53.2808380      -4.22429085    
   53.3208389      -4.24102783    
   53.3608398      -4.25722361    
   53.4008408      -4.27287340    
   53.4408417      -4.28797436    
   53.4808426      -4.30252314    
   53.5208435      -4.31651783    
   53.5608444      -4.32995653    
   53.6008453      -4.34283829    
   53.6408463      -4.35516310    
   53.6808472      -4.36693096    
   53.7208481      -4.37814283    
   53.7608490      -4.38880110    
   53.8008499      -4.39890814    
   53.8408508      -4.40846729    
   53.8808517      -4.41748333    
   53.9208527      -4.42596149    
   53.9608536      -4.43390751    
   54.0008545      -4.44132853    
   54.0408554      -4.44823265    
   54.0808563      -4.45462847    
   54.1208572      -4.46052599    
   54.1608582      -4.46593523    
   54.2008591      -4.47086811    
   54.2408600      -4.47533703    
   54.2808609      -4.47935486    
   54.3208618      -4.48293638    
   54.3608627      -4.48609638    
   54.4008636      -4.48885059    
   54.4408646      -4.49121618    
   54.4808655      -4.49321127    
   54.5208664      -4.49485397    
   54.5608673      -4.49616337    
   54.6008682      -4.49716043    
   54.6408691      -4.49786568    
   54.6808701      -4.49830103    
   54.7208710      -4.49848890    
   54.7608719      -4.49845266    
   54.8008728      -4.49821663    
   54.8408737      -4.49780560    
   54.8808746      -4.49724436    
   54.9208755      -4.49655962    
   54.9608765      -4.49577808    
   55.0008774      -4.49492693    
   55.0408783      -4.49403429    
   55.0808792      -4.49312830    
   55.1208801      -4.49223852    
   55.1608810      -4.49139404    
   55.2008820      -4.49062538    
   55.2408829      -4.48996305    
   55.2808838      -4.48943853    
   55.3208847      -4.48908281    
   55.3608856      -4.48892832    
   55.4008865      -4.48900700    
   55.4408875      -4.48935223    
   55.4808884      -4.48999643    
   55.5208893      -4.49097347    
   55.5608902      -4.49231720    
   55.6008911      -4.49406147    
   55.6408920      -4.49624014    
   55.6808929      -4.49888849    
   55.7208939      -4.50204086    
   55.7608948      -4.50573254    
   55.8008957      -4.50999832    
   55.8408966      -4.51487350    
   55.8808975      -4.52039337    
   55.9208984      -4.52659321    
   55.9608994      -4.53350830    
   56.0009003      -4.54117393    
   56.0409012      -4.54962492    
   56.0809021      -4.55889702    
   56.1209030      -4.56902456    
   56.1609039      -4.58004236    
   56.2009048      -4.59198475    
   56.2409058      -4.60488558    
   56.2809067      -4.61877823    
   56.3209076      -4.63369560    
   56.3609085      -4.64967012    
   56.4009094      -4.66673326    
   56.4409103      -4.68491554    
   56.4809113      -4.70424700    
   56.5209122      -4.72475624    
   56.5609131      -4.74647093    
   56.6009140      -4.76941729    
   56.6409149      -4.79362011    
   56.6809158      -4.81910276    
   56.7209167      -4.84588671    
   56.7609177      -4.87399149    
   56.8009186      -4.90343475    
   56.8409195      -4.93423176    
   56.8809204      -4.96639538    
   56.9209213      -4.99993610    
   56.9609222      -5.03486156    
   57.0009232      -5.07117605    
   57.0409241      -5.10888147    
   57.0809250      -5.14797544    
   57.1209259      -5.18845320    
   57.1609268      -5.23030567    
   57.2009277      -5.27351999    
   57.2409286      -5.31807947    
   57.2809296      -5.36396408    
   57.3209305      -5.41114855    
   57.3609314      -5.45960379    
   57.4009323      -5.50929689    
   57.4409332      -5.56019020    
   57.4809341      -5.61224222    
   57.5209351      -5.66540718    
   57.5609360      -5.71963549    
   57.6009369      -5.77487278    
   57.6409378      -5.83106184    
   57.6809387      -5.88814211    
   57.7209396      -5.94604874    
   57.7609406      -6.00471449    
   57.8009415      -6.06407022    
   57.8409424      -6.12404346    
   57.8809433      -6.18456078    
   57.9209442      -6.24554682    
   57.9609451      -6.30692530    
   58.0009460      -6.36862040    
   58.0409470      -6.43055534    
   58.0809479      -6.49265385    
   58.1209488      -6.55484152    
   58.1609497      -6.61704493    
   58.2009506      -6.67919254    
   58.2409515      -6.74121475    
   58.2809525      -6.80304527    
   58.3209534      -6.86462116    
   58.3609543      -6.92588186    
   58.4009552      -6.98677111    
   58.4409561      -7.04723597    
   58.4809570      -7.10722876    
   58.5209579      -7.16670465    
   58.5609589      -7.22562408    
   58.6009598      -7.28395176    
   58.6409607      -7.34165621    
   58.6809616      -7.39871025    
   58.7209625      -7.45509195    
   58.7609634      -7.51078272    
   58.8009644      -7.56576872    
   58.8409653      -7.62003899    
   58.8809662      -7.67358732    
   58.9209671      -7.72641039    
   58.9609680      -7.77850866    
   59.0009689      -7.82988548    
   59.0409698      -7.88054752    
   59.0809708      -7.93050385    
   59.1209717      -7.97976542    
   59.1609726      -8.02834702    
   59.2009735      -8.07626343    
   59.2409744      -8.12353325    
   59.2809753      -8.17017555    
   59.3209763      -8.21621037    
   59.3609772      -8.26166058    
   59.4009781      -8.30654907    
   59.4409790      -8.35089874    
   59.4809799      -8.39473534    
   59.5209808      -8.43808365    
   59.5609818      -8.48096943    
   59.6009827      -8.52341938    
   59.6409836      -8.56545830    
   59.6809845      -8.60711384    
   59.7209854      -8.64841175    
   59.7609863      -8.68937778    
   59.8009872      -8.73003864    
   59.8409882      -8.77042007    
   59.8809891      -8.81054783    
   59.9209900      -8.85044670    
   59.9609909      -8.89014149    
   60.0009918      -8.92965698    
   60.0409927      -8.96901703    
   60.0809937      -9.00824547    
   60.1209946      -9.04736423    
   60.1609955      -9.08639622    
   60.2009964      -9.12536335    
   60.2409973      -9.16428661    
   60.2809982      -9.20318604    
   60.3209991      -9.24208164    
   60.3610001      -9.28099346    
   60.4010010      -9.31993866    
   60.4410019      -9.35893631    
   60.4810028      -9.39800262    
   60.5210037      -9.43715382    
   60.5610046      -9.47640610    
   60.6010056      -9.51577377    
   60.6410065      -9.55527020    
   60.6810074      -9.59490871    
   60.7210083      -9.63470173    
   60.7610092      -9.67466068    
   60.8010101      -9.71479607    
   60.8410110      -9.75511646    
   60.8810120      -9.79563141    
   60.9210129      -9.83634663    
   60.9610138      -9.87726974    
   61.0010147      -9.91840458    
   61.0410156      -9.95975590    
   61.0810165      -10.0013256    
   61.1210175      -10.0431147    
   61.1610184      -10.0851240    
   61.2010193      -10.1273508    
   61.2410202      -10.1697931    
   61.2810211      -10.2124453    
   61.3210220      -10.2553015    
   61.3610229      -10.2983541    
   61.4010239      -10.3415937    
   61.4410248      -10.3850088    
   61.4810257      -10.4285851    
   61.5210266      -10.4723091    
   61.5610275      -10.5161629    
   61.6010284      -10.5601273    
   61.6410294      -10.6041822    
   61.6810303      -10.6483040    
   61.7210312      -10.6924686    
   61.7610321      -10.7366486    
   61.8010330      -10.7808151    
   61.8410339      -10.8249378    
   61.8810349      -10.8689833    
   61.9210358      -10.9129171    
   61.9610367      -10.9567032    
   62.0010376      -11.0003033    
   62.0410385      -11.0436773    
   62.0810394      -11.0867844    
   62.1210403      -11.1295805    
   62.1610413      -11.1720228    
   62.2010422      -11.2140656    
   62.2410431      -11.2556620    
   62.2810440      -11.2967653    
   62.3210449      -11.3373280    
   62.3610458      -11.3773012    
   62.4010468      -11.4166374    
   62.4410477      -11.4552879    
   62.4810486      -11.4932041    
   62.5210495      -11.5303383    
   62.5610504      -11.5666428    
   62.6010513      -11.6020718    
   62.6410522      -11.6365786    
   62.6810532      -11.6701202    
   62.7210541      -11.7026529    
   62.7610550      -11.7341356    
   62.8010559      -11.7645292    
   62.8410568      -11.7937956    
   62.8810577      -11.8219004    
   62.9210587      -11.8488102    
   62.9610596      -11.8744946    
   63.0010605      -11.8989258    
   63.0410614      -11.9220791    
   63.0810623      -11.9439316    
   63.1210632      -11.9644642    
   63.1610641      -11.9836597    
   63.2010651      -12.0015049    
   63.2410660      -12.0179901    
   63.2810669      -12.0331078    
   63.3210678      -12.0468540    
   63.3610687      -12.0592270    
   63.4010696      -12.0702295    
   63.4410706      -12.0798674    
   63.4810715      -12.0881481    
   63.5210724      -12.0950832    
   63.5610733      -12.1006880    
   63.6010742      -12.1049786    
   63.6410751      -12.1079760    
   63.6810760      -12.1097031    
   63.7210770      -12.1101866    
   63.7610779      -12.1094542    
   63.8010788      -12.1075363    
   63.8410797      -12.1044664    
   63.8810806      -12.1002808    
   63.9210815      -12.0950174    
   63.9610825      -12.0887156    
   64.0010834      -12.0814180    
   64.0410843      -12.0731688    
   64.0810852      -12.0640125    
   64.1210861      -12.0539980    
   64.1610870      -12.0431728    
   64.2010880      -12.0315866    
   64.2410889      -12.0192919    
   64.2810898      -12.0063400    
   64.3210907      -11.9927845    
   64.3610916      -11.9786797    
   64.4010925      -11.9640808    
   64.4410934      -11.9490423    
   64.4810944      -11.9336205    
   64.5210953      -11.9178715    
   64.5610962      -11.9018517    
   64.6010971      -11.8856173    
   64.6410980      -11.8692245    
   64.6810989      -11.8527298    
   64.7210999      -11.8361893    
   64.7611008      -11.8196583    
   64.8011017      -11.8031931    
   64.8411026      -11.7868471    
   64.8811035      -11.7706747    
   64.9211044      -11.7547302    
   64.9611053      -11.7390652    
   65.0011063      -11.7237320    
   65.0411072      -11.7087822    
   65.0811081      -11.6942654    
   65.1211090      -11.6802301    
   65.1611099      -11.6667261    
   65.2011108      -11.6537991    
   65.2411118      -11.6414957    
   65.2811127      -11.6298618    
   65.3211136      -11.6189404    
   65.3611145      -11.6087742    
   65.4011154      -11.5994043    
   65.4411163      -11.5908718    
   65.4811172      -11.5832167    
   65.5211182      -11.5764751    
   65.5611191      -11.5706854    
   65.6011200      -11.5658827    
   65.6411209      -11.5621004    
   65.6811218      -11.5593719    
   65.7211227      -11.5577288    
   65.7611237      -11.5572023    
   65.8011246      -11.5578203    
   65.8411255      -11.5596104    
   65.8811264      -11.5625992    
   65.9211273      -11.5668106    
   65.9611282      -11.5722675    
   66.0011292      -11.5789928    
   66.0411301      -11.5870056    
   66.0811310      -11.5963240    
   66.1211319      -11.6069641    
   66.1611328      -11.6189413    
   66.2011337      -11.6322689    
   66.2411346      -11.6469574    
   66.2811356      -11.6630154    
   66.3211365      -11.6804495    
   66.3611374      -11.6992655    
   66.4011383      -11.7194653    
   66.4411392      -11.7410488    
   66.4811401      -11.7640133    
   66.5211411      -11.7883549    
   66.5611420      -11.8140659    
   66.6011429      -11.8411360    
   66.6411438      -11.8695526    
   66.6811447      -11.8993006    
   66.7211456      -11.9303617    
   66.7611465      -11.9627142    
   66.8011475      -11.9963350    
   66.8411484      -12.0311966    
   66.8811493      -12.0672684    
   66.9211502      -12.1045189    
   66.9611511      -12.1429119    
   67.0011520      -12.1824102    
   67.0411530      -12.2229719    
   67.0811539      -12.2645531    
   67.1211548      -12.3071089    
   67.1611557      -12.3505898    
   67.2011566      -12.3949451    
   67.2411575      -12.4401226    
   67.2811584      -12.4860678    
   67.3211594      -12.5327253    
   67.3611603      -12.5800371    
   67.4011612      -12.6279440    
   67.4411621      -12.6763878    
   67.4811630      -12.7253075    
   67.5211639      -12.7746439    
   67.5611649      -12.8243361    
   67.6011658      -12.8743238    
   67.6411667      -12.9245481    
   67.6811676      -12.9749508    
   67.7211685      -13.0254736    
   67.7611694      -13.0760612    
   67.8011703      -13.1266584    
   67.8411713      -13.1772127    
   67.8811722      -13.2276726    
   67.9211731      -13.2779903    
   67.9611740      -13.3281183    
   68.0011749      -13.3780136    
   68.0411758      -13.4276352    
   68.0811768      -13.4769440    
   68.1211777      -13.5259047    
   68.1611786      -13.5744839    
   68.2011795      -13.6226511    
   68.2411804      -13.6703787    
   68.2811813      -13.7176418    
   68.3211823      -13.7644186    
   68.3611832      -13.8106890    
   68.4011841      -13.8564367    
   68.4411850      -13.9016466    
   68.4811859      -13.9463072    
   68.5211868      -13.9904079    
   68.5611877      -14.0339403    
   68.6011887      -14.0768995    
   68.6411896      -14.1192808    
   68.6811905      -14.1610823    
   68.7211914      -14.2023029    
   68.7611923      -14.2429438    
   68.8011932      -14.2830067    
   68.8411942      -14.3224945    
   68.8811951      -14.3614120    
   68.9211960      -14.3997641    
   68.9611969      -14.4375563    
   69.0011978      -14.4747944    
   69.0411987      -14.5114861    
   69.0811996      -14.5476389    
   69.1212006      -14.5832605    
   69.1612015      -14.6183586    
   69.2012024      -14.6529417    
   69.2412033      -14.6870174    
   69.2812042      -14.7205935    
   69.3212051      -14.7536783    
   69.3612061      -14.7862797    
   69.4012070      -14.8184052    
   69.4412079      -14.8500614    
   69.4812088      -14.8812561    
   69.5212097      -14.9119949    
   69.5612106      -14.9422836    
   69.6012115      -14.9721289    
   69.6412125      -15.0015345    
   69.6812134      -15.0305052    
   69.7212143      -15.0590448    
   69.7612152      -15.0871572    
   69.8012161      -15.1148443    
   69.8412170      -15.1421080    
   69.8812180      -15.1689501    
   69.9212189      -15.1953707    
   69.9612198      -15.2213697    
   70.0012207      -15.2469473    
   70.0412216      -15.2721014    
   70.0812225      -15.2968292    
   70.1212234      -15.3211288    
   70.1612244      -15.3449974    
   70.2012253      -15.3684292    
   70.2412262      -15.3914204    
   70.2812271      -15.4139652    
   70.3212280      -15.4360580    
   70.3612289      -15.4576912    
   70.4012299      -15.4788580    
   70.4412308      -15.4995499    
   70.4812317      -15.5197573    
   70.5212326      -15.5394716    
   70.5612335      -15.5586824    
   70.6012344      -15.5773792    
   70.6412354      -15.5955505    
   70.6812363      -15.6131849    
   70.7212372      -15.6302700    
   70.7612381      -15.6467924    
   70.8012390      -15.6627398    
   70.8412399      -15.6780968    
   70.8812408      -15.6928492    
   70.9212418      -15.7069826    
   70.9612427      -15.7204809    
   71.0012436      -15.7333288    
   71.0412445      -15.7455091    
   71.0812454      -15.7570057    
   71.1212463      -15.7678013    
   71.1612473      -15.7778788    
   71.2012482      -15.7872190    
   71.2412491      -15.7958040    
   71.2812500      -15.8036156    
   71.3212509      -15.8106346    
   71.3612518      -15.8168421    
   71.4012527      -15.8222170    
   71.4412537      -15.8267403    
   71.4812546      -15.8303919    
   71.5212555      -15.8331509    
   71.5612564      -15.8349962    
   71.6012573      -15.8359070    
   71.6412582      -15.8358622    
   71.6812592      -15.8348398    
   71.7212601      -15.8328171    
   71.7612610      -15.8297729    
   71.8012619      -15.8256845    
   71.8412628      -15.8205280    
   71.8812637      -15.8142815    
   71.9212646      -15.8069210    
   71.9612656      -15.7984228    
   72.0012665      -15.7887630    
   72.0412674      -15.7779179    
   72.0812683      -15.7658615    
   72.1212692      -15.7525692    
   72.1612701      -15.7380161    
   72.2012711      -15.7221756    
   72.2412720      -15.7050219    
   72.2812729      -15.6865282    
   72.3212738      -15.6666670    
   72.3612747      -15.6454115    
   72.4012756      -15.6227341    
   72.4412766      -15.5986052    
   72.4812775      -15.5729971    
   72.5212784      -15.5458803    
   72.5612793      -15.5172253    
   72.6012802      -15.4870024    
   72.6412811      -15.4551821    
   72.6812820      -15.4217329    
   72.7212830      -15.3866243    
   72.7612839      -15.3498268    
   72.8012848      -15.3113089    
   72.8412857      -15.2710400    
   72.8812866      -15.2289906    
   72.9212875      -15.1851311    
   72.9612885      -15.1394329    
   73.0012894      -15.0918674    
   73.0412903      -15.0424089    
   73.0812912      -14.9910326    
   73.1212921      -14.9377146    
   73.1612930      -14.8824348    
   73.2012939      -14.8251762    
   73.2412949      -14.7659235    
   73.2812958      -14.7046661    
   73.3212967      -14.6413975    
   73.3612976      -14.5761166    
   73.4012985      -14.5088282    
   73.4412994      -14.4395428    
   73.4813004      -14.3682775    
   73.5213013      -14.2950573    
   73.5613022      -14.2199154    
   73.6013031      -14.1428928    
   73.6413040      -14.0640421    
   73.6813049      -13.9834251    
   73.7213058      -13.9011126    
   73.7613068      -13.8171873    
   73.8013077      -13.7317429    
   73.8413086      -13.6448832    
   73.8813095      -13.5567226    
   73.9213104      -13.4673882    
   73.9613113      -13.3770161    
   74.0013123      -13.2857513    
   74.0413132      -13.1937475    
   74.0813141      -13.1011677    
   74.1213150      -13.0081797    
   74.1613159      -12.9149580    
   74.2013168      -12.8216791    
   74.2413177      -12.7285233    
   74.2813187      -12.6356716    
   74.3213196      -12.5433035    
   74.3613205      -12.4515953    
   74.4013214      -12.3607206    
   74.4413223      -12.2708464    
   74.4813232      -12.1821337    
   74.5213242      -12.0947351    
   74.5613251      -12.0087957    
   74.6013260      -11.9244490    
   74.6413269      -11.8418188    
   74.6813278      -11.7610188    
   74.7213287      -11.6821508    
   74.7613297      -11.6053066    
   74.8013306      -11.5305672    
   74.8413315      -11.4580030    
   74.8813324      -11.3876734    
   74.9213333      -11.3196287    
   74.9613342      -11.2539101    
   75.0013351      -11.1905508    
   75.0413361      -11.1295757    
   75.0813370      -11.0710039    
   75.1213379      -11.0148458    
   75.1613388      -10.9611092    
   75.2013397      -10.9097948    
   75.2413406      -10.8609009    
   75.2813416      -10.8144207    
   75.3213425      -10.7703457    
   75.3613434      -10.7286644    
   75.4013443      -10.6893644    
   75.4413452      -10.6524315    
   75.4813461      -10.6178503    
   75.5213470      -10.5856047    
   75.5613480      -10.5556803    
   75.6013489      -10.5280609    
   75.6413498      -10.5027323    
   75.6813507      -10.4796801    
   75.7213516      -10.4588909    
   75.7613525      -10.4403534    
   75.8013535      -10.4240561    
   75.8413544      -10.4099894    
   75.8813553      -10.3981457    
   75.9213562      -10.3885174    
   75.9613571      -10.3810997    
   76.0013580      -10.3758888    
   76.0413589      -10.3728838    
   76.0813599      -10.3720827    
   76.1213608      -10.3734865    
   76.1613617      -10.3770981    
   76.2013626      -10.3829203    
   76.2413635      -10.3909588    
   76.2813644      -10.4012194    
   76.3213654      -10.4137087    
   76.3613663      -10.4284344    
   76.4013672      -10.4454060    
   76.4413681      -10.4646320    
   76.4813690      -10.4861221    
   76.5213699      -10.5098867    
   76.5613708      -10.5359354    
   76.6013718      -10.5642767    
   76.6413727      -10.5949202    
   76.6813736      -10.6278734    
   76.7213745      -10.6631432    
   76.7613754      -10.7007341    
   76.8013763      -10.7406492    
   76.8413773      -10.7828894    
   76.8813782      -10.8274527    
   76.9213791      -10.8743343    
   76.9613800      -10.9235239    
   77.0013809      -10.9750090    
   77.0413818      -11.0287714    
   77.0813828      -11.0847874    
   77.1213837      -11.1430283    
   77.1613846      -11.2034588    
   77.2013855      -11.2660370    
   77.2413864      -11.3307142    
   77.2813873      -11.3974342    
   77.3213882      -11.4661331    
   77.3613892      -11.5367384    
   77.4013901      -11.6091700    
   77.4413910      -11.6833401    
   77.4813919      -11.7591505    
   77.5213928      -11.8364983    
   77.5613937      -11.9152699    
   77.6013947      -11.9953451    
   77.6413956      -12.0765982    
   77.6813965      -12.1588974    
   77.7213974      -12.2421036    
   77.7613983      -12.3260756    
   77.8013992      -12.4106684    
   77.8414001      -12.4957342    
   77.8814011      -12.5811243    
   77.9214020      -12.6666908    
   77.9614029      -12.7522879    
   78.0014038      -12.8377714    
   78.0414047      -12.9230013    
   78.0814056      -13.0078421    
   78.1214066      -13.0921659    
   78.1614075      -13.1758499    
   78.2014084      -13.2587795    
   78.2414093      -13.3408489    
   78.2814102      -13.4219608    
   78.3214111      -13.5020266    
   78.3614120      -13.5809679    
   78.4014130      -13.6587162    
   78.4414139      -13.7352114    
   78.4814148      -13.8104029    
   78.5214157      -13.8842497    
   78.5614166      -13.9567184    
   78.6014175      -14.0277863    
   78.6414185      -14.0974360    
   78.6814194      -14.1656590    
   78.7214203      -14.2324524    
   78.7614212      -14.2978210    
   78.8014221      -14.3617735    
   78.8414230      -14.4243250    
   78.8814240      -14.4854937    
   78.9214249      -14.5453024    
   78.9614258      -14.6037779    
   79.0014267      -14.6609488    
   79.0414276      -14.7168465    
   79.0814285      -14.7715034    
   79.1214294      -14.8249550    
   79.1614304      -14.8772373    
   79.2014313      -14.9283857    
   79.2414322      -14.9784374    
   79.2814331      -15.0274305    
   79.3214340      -15.0754013    
   79.3614349      -15.1223860    
   79.4014359      -15.1684208    
   79.4414368      -15.2135410    
   79.4814377      -15.2577820    
   79.5214386      -15.3011761    
   79.5614395      -15.3437567    
   79.6014404      -15.3855553    
   79.6414413      -15.4266014    
   79.6814423      -15.4669247    
   79.7214432      -15.5065517    
   79.7614441      -15.5455093    
   79.8014450      -15.5838213    
   79.8414459      -15.6215115    
   79.8814468      -15.6586027    
   79.9214478      -15.6951141    
   79.9614487      -15.7310658    
   80.0014496      -15.7664747    
