   3.99999991E-02   9.98402685E-02
   7.99999982E-02   9.95242521E-02
  0.119999997       9.90555808E-02
  0.159999996       9.84380543E-02
  0.199999988       9.76756290E-02
  0.239999980       9.67724174E-02
  0.279999971       9.57326740E-02
  0.319999963       9.45607871E-02
  0.359999955       9.32612717E-02
  0.399999946       9.18387398E-02
  0.439999938       9.02979225E-02
  0.479999930       8.86436403E-02
  0.519999921       8.68808031E-02
  0.559999943       8.50143880E-02
  0.599999964       8.30494389E-02
  0.639999986       8.09910670E-02
  0.680000007       7.88444206E-02
  0.720000029       7.66146854E-02
  0.760000050       7.43070766E-02
  0.800000072       7.19268396E-02
  0.840000093       6.94792271E-02
  0.880000114       6.69694841E-02
  0.920000136       6.44028708E-02
  0.960000157       6.17846139E-02
   1.00000012       5.91199286E-02
   1.04000008       5.64140007E-02
   1.08000004       5.36719784E-02
   1.12000000       5.08989617E-02
   1.15999997       4.81000021E-02
   1.19999993       4.52800915E-02
   1.23999989       4.24441546E-02
   1.27999985       3.95970456E-02
   1.31999981       3.67435403E-02
   1.35999978       3.38883288E-02
   1.39999974       3.10360119E-02
   1.43999970       2.81910915E-02
   1.47999966       2.53579691E-02
   1.51999962       2.25409418E-02
   1.55999959       1.97441913E-02
   1.59999955       1.69717874E-02
   1.63999951       1.42276790E-02
   1.67999947       1.15156882E-02
   1.71999943       8.83951318E-03
   1.75999939       6.20271824E-03
   1.79999936       3.60873528E-03
   1.83999932       1.06085790E-03
   1.87999928      -1.43775926E-03
   1.91999924      -3.88410361E-03
   1.95999920      -6.27530646E-03
   1.99999917      -8.60864483E-03
   2.03999925      -1.08815432E-02
   2.07999921      -1.30915735E-02
   2.11999917      -1.52364569E-02
   2.15999913      -1.73140652E-02
   2.19999909      -1.93224195E-02
   2.23999906      -2.12596934E-02
   2.27999902      -2.31242087E-02
   2.31999898      -2.49144379E-02
   2.35999894      -2.66290046E-02
   2.39999890      -2.82666776E-02
   2.43999887      -2.98263766E-02
   2.47999883      -3.13071683E-02
   2.51999879      -3.27082612E-02
   2.55999875      -3.40290070E-02
   2.59999871      -3.52689028E-02
   2.63999867      -3.64275798E-02
   2.67999864      -3.75048146E-02
   2.71999860      -3.85005102E-02
   2.75999856      -3.94147038E-02
   2.79999852      -4.02475670E-02
   2.83999848      -4.09993939E-02
   2.87999845      -4.16706055E-02
   2.91999841      -4.22617383E-02
   2.95999837      -4.27734517E-02
   2.99999833      -4.32065129E-02
   3.03999829      -4.35618050E-02
   3.07999825      -4.38403115E-02
   3.11999822      -4.40431274E-02
   3.15999818      -4.41714413E-02
   3.19999814      -4.42265384E-02
   3.23999810      -4.42097932E-02
   3.27999806      -4.41226698E-02
   3.31999803      -4.39667143E-02
   3.35999799      -4.37435545E-02
   3.39999795      -4.34548929E-02
   3.43999791      -4.31024954E-02
   3.47999787      -4.26882058E-02
   3.51999784      -4.22139205E-02
   3.55999780      -4.16815989E-02
   3.59999776      -4.10932526E-02
   3.63999772      -4.04509418E-02
   3.67999768      -3.97567749E-02
   3.71999764      -3.90128978E-02
   3.75999761      -3.82214934E-02
   3.79999757      -3.73847745E-02
   3.83999753      -3.65049914E-02
   3.87999749      -3.55844088E-02
   3.91999745      -3.46253142E-02
   3.95999742      -3.36300097E-02
   3.99999738      -3.26008163E-02
   4.03999758      -3.15400548E-02
   4.07999754      -3.04500517E-02
   4.11999750      -2.93331351E-02
   4.15999746      -2.81916317E-02
   4.19999743      -2.70278566E-02
   4.23999739      -2.58441176E-02
   4.27999735      -2.46427078E-02
   4.31999731      -2.34259032E-02
   4.35999727      -2.21959557E-02
   4.39999723      -2.09550969E-02
   4.43999720      -1.97055303E-02
   4.47999716      -1.84494276E-02
   4.51999712      -1.71889290E-02
   4.55999708      -1.59261394E-02
   4.59999704      -1.46631254E-02
   4.63999701      -1.34019107E-02
   4.67999697      -1.21444780E-02
   4.71999693      -1.08927637E-02
   4.75999689      -9.64865554E-03
   4.79999685      -8.41399189E-03
   4.83999681      -7.19055953E-03
   4.87999678      -5.98009117E-03
   4.91999674      -4.78426367E-03
   4.95999670      -3.60469799E-03
   4.99999666      -2.44295620E-03
   5.03999662      -1.30054064E-03
   5.07999659      -1.78892515E-04
   5.11999655       9.20608989E-04
   5.15999651       1.99664757E-03
   5.19999647       3.04797059E-03
   5.23999643       4.07339074E-03
   5.27999640       5.07178484E-03
   5.31999636       6.04209630E-03
   5.35999632       6.98333420E-03
   5.39999628       7.89457373E-03
   5.43999624       8.77495762E-03
   5.47999620       9.62369423E-03
   5.51999617       1.04400581E-02
   5.55999613       1.12233907E-02
   5.59999609       1.19730998E-02
   5.63999605       1.26886582E-02
   5.67999601       1.33696040E-02
   5.71999598       1.40155405E-02
   5.75999594       1.46261342E-02
   5.79999590       1.52011150E-02
   5.83999586       1.57402754E-02
   5.87999582       1.62434690E-02
   5.91999578       1.67106111E-02
   5.95999575       1.71416737E-02
   5.99999571       1.75366905E-02
   6.03999567       1.78957488E-02
   6.07999563       1.82189941E-02
   6.11999559       1.85066257E-02
   6.15999556       1.87588967E-02
   6.19999552       1.89761091E-02
   6.23999548       1.91586167E-02
   6.27999544       1.93068236E-02
   6.31999540       1.94211770E-02
   6.35999537       1.95021704E-02
   6.39999533       1.95503440E-02
   6.43999529       1.95662752E-02
   6.47999525       1.95505843E-02
   6.51999521       1.95039269E-02
   6.55999517       1.94269996E-02
   6.59999514       1.93205290E-02
   6.63999510       1.91852767E-02
   6.67999506       1.90220345E-02
   6.71999502       1.88316237E-02
   6.75999498       1.86148919E-02
   6.79999495       1.83727127E-02
   6.83999491       1.81059837E-02
   6.87999487       1.78156216E-02
   6.91999483       1.75025631E-02
   6.95999479       1.71677619E-02
   6.99999475       1.68121904E-02
   7.03999472       1.64368320E-02
   7.07999468       1.60426833E-02
   7.11999464       1.56307500E-02
   7.15999460       1.52020473E-02
   7.19999456       1.47575960E-02
   7.23999453       1.42984223E-02
   7.27999449       1.38255553E-02
   7.31999445       1.33400261E-02
   7.35999441       1.28428638E-02
   7.39999437       1.23350965E-02
   7.43999434       1.18177487E-02
   7.47999430       1.12918401E-02
   7.51999426       1.07583832E-02
   7.55999422       1.02183828E-02
   7.59999418       9.67283268E-03
   7.63999414       9.12271719E-03
   7.67999411       8.56900774E-03
   7.71999407       8.01266264E-03
   7.75999403       7.45462440E-03
   7.79999399       6.89581968E-03
   7.83999395       6.33715792E-03
   7.87999392       5.77952992E-03
   7.91999388       5.22380695E-03
   7.95999384       4.67084069E-03
   7.99999380       4.12146049E-03
   8.03999424       3.57647333E-03
   8.07999420       3.03666363E-03
   8.11999416       2.50279158E-03
   8.15999413       1.97559246E-03
   8.19999409       1.45577639E-03
   8.23999405       9.44027386E-04
   8.27999401       4.41002951E-04
   8.31999397      -5.26666408E-05
   8.35999393      -5.36378589E-04
   8.39999390      -1.00955809E-03
   8.43999386      -1.47165870E-03
   8.47999382      -1.92216260E-03
   8.51999378      -2.36058095E-03
   8.55999374      -2.78645405E-03
   8.59999371      -3.19935149E-03
   8.63999367      -3.59887187E-03
   8.67999363      -3.98464361E-03
   8.71999359      -4.35632467E-03
   8.75999355      -4.71360190E-03
   8.79999352      -5.05619170E-03
   8.83999348      -5.38383983E-03
   8.87999344      -5.69632091E-03
   8.91999340      -5.99343842E-03
   8.95999336      -6.27502427E-03
   8.99999332      -6.54093828E-03
   9.03999329      -6.79106871E-03
   9.07999325      -7.02533079E-03
   9.11999321      -7.24366726E-03
   9.15999317      -7.44604738E-03
   9.19999313      -7.63246603E-03
   9.23999310      -7.80294463E-03
   9.27999306      -7.95752928E-03
   9.31999302      -8.09628982E-03
   9.35999298      -8.21932126E-03
   9.39999294      -8.32674187E-03
   9.43999290      -8.41869134E-03
   9.47999287      -8.49533174E-03
   9.51999283      -8.55684746E-03
   9.55999279      -8.60344153E-03
   9.59999275      -8.63533840E-03
   9.63999271      -8.65278114E-03
   9.67999268      -8.65603052E-03
   9.71999264      -8.64536595E-03
   9.75999260      -8.62108171E-03
   9.79999256      -8.58348981E-03
   9.83999252      -8.53291620E-03
   9.87999249      -8.46970174E-03
   9.91999245      -8.39420035E-03
   9.95999241      -8.30677804E-03
   9.99999237      -8.20781384E-03
   10.0399923      -8.09769612E-03
   10.0799923      -7.97682535E-03
   10.1199923      -7.84560852E-03
   10.1599922      -7.70446332E-03
   10.1999922      -7.55381398E-03
   10.2399921      -7.39409169E-03
   10.2799921      -7.22573372E-03
   10.3199921      -7.04918150E-03
   10.3599920      -6.86488207E-03
   10.3999920      -6.67328481E-03
   10.4399920      -6.47484232E-03
   10.4799919      -6.27000909E-03
   10.5199919      -6.05924055E-03
   10.5599918      -5.84299257E-03
   10.5999918      -5.62172057E-03
   10.6399918      -5.39587950E-03
   10.6799917      -5.16592199E-03
   10.7199917      -4.93229786E-03
   10.7599916      -4.69545461E-03
   10.7999916      -4.45583556E-03
   10.8399916      -4.21387982E-03
   10.8799915      -3.97002092E-03
   10.9199915      -3.72468703E-03
   10.9599915      -3.47830052E-03
   10.9999914      -3.23127629E-03
   11.0399914      -2.98402272E-03
   11.0799913      -2.73693958E-03
   11.1199913      -2.49041896E-03
   11.1599913      -2.24484410E-03
   11.1999912      -2.00058916E-03
   11.2399912      -1.75801828E-03
   11.2799911      -1.51748606E-03
   11.3199911      -1.27933652E-03
   11.3599911      -1.04390294E-03
   11.3999910      -8.11507809E-04
   11.4399910      -5.82462177E-04
   11.4799910      -3.57065524E-04
   11.5199909      -1.35605500E-04
   11.5599909       8.16423126E-05
   11.5999908       2.94414524E-04
   11.6399908       5.02460229E-04
   11.6799908       7.05541112E-04
   11.7199907       9.03431501E-04
   11.7599907       1.09591859E-03
   11.7999907       1.28280255E-03
   11.8399906       1.46389625E-03
   11.8799906       1.63902587E-03
   11.9199905       1.80803041E-03
   11.9599905       1.97076215E-03
   11.9999905       2.12708605E-03
   12.0399904       2.27687997E-03
   12.0799904       2.42003496E-03
   12.1199903       2.55645486E-03
   12.1599903       2.68605608E-03
   12.1999903       2.80876760E-03
   12.2399902       2.92453077E-03
   12.2799902       3.03329946E-03
   12.3199902       3.13503947E-03
   12.3599901       3.22972867E-03
   12.3999901       3.31735658E-03
   12.4399900       3.39792413E-03
   12.4799900       3.47144366E-03
   12.5199900       3.53793846E-03
   12.5599899       3.59744276E-03
   12.5999899       3.65000102E-03
   12.6399899       3.69566819E-03
   12.6799898       3.73450899E-03
   12.7199898       3.76659771E-03
   12.7599897       3.79201816E-03
   12.7999897       3.81086301E-03
   12.8399897       3.82323354E-03
   12.8799896       3.82923940E-03
   12.9199896       3.82899842E-03
   12.9599895       3.82263586E-03
   12.9999895       3.81028443E-03
   13.0399895       3.79208359E-03
   13.0799894       3.76817933E-03
   13.1199894       3.73872416E-03
   13.1599894       3.70387617E-03
   13.1999893       3.66379903E-03
   13.2399893       3.61866131E-03
   13.2799892       3.56863649E-03
   13.3199892       3.51390243E-03
   13.3599892       3.45464074E-03
   13.3999891       3.39103676E-03
   13.4399891       3.32327932E-03
   13.4799891       3.25155980E-03
   13.5199890       3.17607215E-03
   13.5599890       3.09701264E-03
   13.5999889       3.01457895E-03
   13.6399889       2.92897061E-03
   13.6799889       2.84038810E-03
   13.7199888       2.74903281E-03
   13.7599888       2.65510613E-03
   13.7999887       2.55880971E-03
   13.8399887       2.46034516E-03
   13.8799887       2.35991343E-03
   13.9199886       2.25771451E-03
   13.9599886       2.15394725E-03
   13.9999886       2.04880885E-03
   14.0399885       1.94249523E-03
   14.0799885       1.83519989E-03
   14.1199884       1.72711408E-03
   14.1599884       1.61842664E-03
   14.1999884       1.50932348E-03
   14.2399883       1.39998749E-03
   14.2799883       1.29059819E-03
   14.3199883       1.18133170E-03
   14.3599882       1.07236044E-03
   14.3999882       9.63852857E-04
   14.4399881       8.55973223E-04
   14.4799881       7.48881663E-04
   14.5199881       6.42733707E-04
   14.5599880       5.37680346E-04
   14.5999880       4.33867768E-04
   14.6399879       3.31437244E-04
   14.6799879       2.30525038E-04
   14.7199879       1.31262233E-04
   14.7599878       3.37746678E-05
   14.7999878      -6.18171835E-05
   14.8399878      -1.55398287E-04
   14.8799877      -2.46859126E-04
   14.9199877      -3.36095778E-04
   14.9599876      -4.23009944E-04
   14.9999876      -5.07508987E-04
   15.0399876      -5.89506060E-04
   15.0799875      -6.68919994E-04
   15.1199875      -7.45675352E-04
   15.1599874      -8.19702516E-04
   15.1999874      -8.90937634E-04
   15.2399874      -9.59322555E-04
   15.2799873      -1.02480489E-03
   15.3199873      -1.08733785E-03
   15.3599873      -1.14688044E-03
   15.3999872      -1.20339717E-03
   15.4399872      -1.25685812E-03
   15.4799871      -1.30723882E-03
   15.5199871      -1.35452033E-03
   15.5599871      -1.39868900E-03
   15.5999870      -1.43973646E-03
   15.6399870      -1.47765933E-03
   15.6799870      -1.51245948E-03
   15.7199869      -1.54414377E-03
   15.7599869      -1.57272373E-03
   15.7999868      -1.59821566E-03
   15.8399868      -1.62064063E-03
   15.8799868      -1.64002413E-03
   15.9199867      -1.65639585E-03
   15.9599867      -1.66978990E-03
   15.9999866      -1.68024446E-03
   16.0399876      -1.68780156E-03
   16.0799885      -1.69250695E-03
   16.1199894      -1.69441022E-03
   16.1599903      -1.69356447E-03
   16.1999912      -1.69002591E-03
   16.2399921      -1.68385403E-03
   16.2799931      -1.67511147E-03
   16.3199940      -1.66386354E-03
   16.3599949      -1.65017846E-03
   16.3999958      -1.63412676E-03
   16.4399967      -1.61578145E-03
   16.4799976      -1.59521785E-03
   16.5199986      -1.57251314E-03
   16.5599995      -1.54774648E-03
   16.6000004      -1.52099878E-03
   16.6400013      -1.49235246E-03
   16.6800022      -1.46189134E-03
   16.7200031      -1.42970041E-03
   16.7600040      -1.39586581E-03
   16.8000050      -1.36047450E-03
   16.8400059      -1.32361427E-03
   16.8800068      -1.28537347E-03
   16.9200077      -1.24584080E-03
   16.9600086      -1.20510545E-03
   17.0000095      -1.16325670E-03
   17.0400105      -1.12038362E-03
   17.0800114      -1.07657549E-03
   17.1200123      -1.03192090E-03
   17.1600132      -9.86508327E-04
   17.2000141      -9.40425671E-04
   17.2400150      -8.93759949E-04
   17.2800159      -8.46597541E-04
   17.3200169      -7.99023837E-04
   17.3600178      -7.51123182E-04
   17.4000187      -7.02978694E-04
   17.4400196      -6.54672331E-04
   17.4800205      -6.06284651E-04
   17.5200214      -5.57894644E-04
   17.5600224      -5.09579841E-04
   17.6000233      -4.61415970E-04
   17.6400242      -4.13477130E-04
   17.6800251      -3.65835498E-04
   17.7200260      -3.18561360E-04
   17.7600269      -2.71722995E-04
   17.8000278      -2.25386655E-04
   17.8400288      -1.79616414E-04
   17.8800297      -1.34474205E-04
   17.9200306      -9.00196756E-05
   17.9600315      -4.63102042E-05
   18.0000324      -3.40082624E-06
   18.0400333       3.86558058E-05
   18.0800343       7.98094552E-05
   18.1200352       1.20012337E-04
   18.1600361       1.59219140E-04
   18.2000370       1.97387053E-04
   18.2400379       2.34475796E-04
   18.2800388       2.70447606E-04
   18.3200397       3.05267255E-04
   18.3600407       3.38902086E-04
   18.4000416       3.71321978E-04
   18.4400425       4.02499340E-04
   18.4800434       4.32409171E-04
   18.5200443       4.61028947E-04
   18.5600452       4.88338701E-04
   18.6000462       5.14320913E-04
   18.6400471       5.38960565E-04
   18.6800480       5.62245084E-04
   18.7200489       5.84164285E-04
   18.7600498       6.04710483E-04
   18.8000507       6.23878208E-04
   18.8400517       6.41664374E-04
   18.8800526       6.58068166E-04
   18.9200535       6.73090981E-04
   18.9600544       6.86736370E-04
   19.0000553       6.99010096E-04
   19.0400562       7.09919899E-04
   19.0800571       7.19475676E-04
   19.1200581       7.27689127E-04
   19.1600590       7.34574045E-04
   19.2000599       7.40145915E-04
   19.2400608       7.44422141E-04
   19.2800617       7.47421756E-04
   19.3200626       7.49165483E-04
   19.3600636       7.49675673E-04
   19.4000645       7.48976192E-04
   19.4400654       7.47092359E-04
   19.4800663       7.44050834E-04
   19.5200672       7.39879673E-04
   19.5600681       7.34608097E-04
   19.6000690       7.28266605E-04
   19.6400700       7.20886688E-04
   19.6800709       7.12501002E-04
   19.7200718       7.03143014E-04
   19.7600727       6.92847127E-04
   19.8000736       6.81648613E-04
   19.8400745       6.69583445E-04
   19.8800755       6.56688237E-04
   19.9200764       6.43000240E-04
   19.9600773       6.28557173E-04
   20.0000782       6.13397278E-04
   20.0400791       5.97559148E-04
   20.0800800       5.81081724E-04
   20.1200809       5.64004120E-04
   20.1600819       5.46365627E-04
   20.2000828       5.28205710E-04
   20.2400837       5.09563892E-04
   20.2800846       4.90479579E-04
   20.3200855       4.70992207E-04
   20.3600864       4.51141008E-04
   20.4000874       4.30964981E-04
   20.4400883       4.10502951E-04
   20.4800892       3.89793364E-04
   20.5200901       3.68874287E-04
   20.5600910       3.47783382E-04
   20.6000919       3.26557842E-04
   20.6400928       3.05234338E-04
   20.6800938       2.83848931E-04
   20.7200947       2.62437068E-04
   20.7600956       2.41033544E-04
   20.8000965       2.19672424E-04
   20.8400974       1.98387061E-04
   20.8800983       1.77209979E-04
   20.9200993       1.56172900E-04
   20.9601002       1.35306691E-04
   21.0001011       1.14641312E-04
   21.0401020       9.42058177E-05
   21.0801029       7.40283067E-05
   21.1201038       5.41359004E-05
   21.1601048       3.45547232E-05
   21.2001057       1.53098827E-05
   21.2401066      -3.57455610E-06
   21.2801075      -2.20755865E-05
   21.3201084      -4.01712750E-05
   21.3601093      -5.78407780E-05
   21.4001102      -7.50643449E-05
   21.4401112      -9.18233345E-05
   21.4801121      -1.08100226E-04
   21.5201130      -1.23878621E-04
   21.5601139      -1.39143245E-04
   21.6001148      -1.53879941E-04
   21.6401157      -1.68075698E-04
   21.6801167      -1.81718628E-04
   21.7201176      -1.94797947E-04
   21.7601185      -2.07303994E-04
   21.8001194      -2.19228241E-04
   21.8401203      -2.30563237E-04
   21.8801212      -2.41302623E-04
   21.9201221      -2.51441146E-04
   21.9601231      -2.60974601E-04
   22.0001240      -2.69899814E-04
   22.0401249      -2.78214691E-04
   22.0801258      -2.85918126E-04
   22.1201267      -2.93010031E-04
   22.1601276      -2.99491279E-04
   22.2001286      -3.05363705E-04
   22.2401295      -3.10630101E-04
   22.2801304      -3.15294164E-04
   22.3201313      -3.19360464E-04
   22.3601322      -3.22834472E-04
   22.4001331      -3.25722474E-04
   22.4401340      -3.28031543E-04
   22.4801350      -3.29769595E-04
   22.5201359      -3.30945244E-04
   22.5601368      -3.31567862E-04
   22.6001377      -3.31647519E-04
   22.6401386      -3.31194955E-04
   22.6801395      -3.30221519E-04
   22.7201405      -3.28739203E-04
   22.7601414      -3.26760550E-04
   22.8001423      -3.24298657E-04
   22.8401432      -3.21367115E-04
   22.8801441      -3.17980041E-04
   22.9201450      -3.14151926E-04
   22.9601460      -3.09897732E-04
   23.0001469      -3.05232796E-04
   23.0401478      -3.00172775E-04
   23.0801487      -2.94733676E-04
   23.1201496      -2.88931798E-04
   23.1601505      -2.82783643E-04
   23.2001514      -2.76306004E-04
   23.2401524      -2.69515847E-04
   23.2801533      -2.62430258E-04
   23.3201542      -2.55066494E-04
   23.3601551      -2.47441902E-04
   23.4001560      -2.39573885E-04
   23.4401569      -2.31479906E-04
   23.4801579      -2.23177442E-04
   23.5201588      -2.14683940E-04
   23.5601597      -2.06016819E-04
   23.6001606      -1.97193411E-04
   23.6401615      -1.88230973E-04
   23.6801624      -1.79146606E-04
   23.7201633      -1.69957289E-04
   23.7601643      -1.60679832E-04
   23.8001652      -1.51330838E-04
   23.8401661      -1.41926692E-04
   23.8801670      -1.32483547E-04
   23.9201679      -1.23017293E-04
   23.9601688      -1.13543530E-04
   24.0001698      -1.04077575E-04
   24.0401707      -9.46344153E-05
   24.0801716      -8.52287048E-05
   24.1201725      -7.58747410E-05
   24.1601734      -6.65864573E-05
   24.2001743      -5.73774014E-05
   24.2401752      -4.82607247E-05
   24.2801762      -3.92491638E-05
   24.3201771      -3.03550369E-05
   24.3601780      -2.15902237E-05
   24.4001789      -1.29661621E-05
   24.4401798      -4.49383606E-06
   24.4801807       3.81623431E-06
   24.5201817       1.19539973E-05
   24.5601826       1.99098795E-05
   24.6001835       2.76747869E-05
   24.6401844       3.52401185E-05
   24.6801853       4.25977560E-05
   24.7201862       4.97400870E-05
   24.7601871       5.66599847E-05
   24.8001881       6.33508316E-05
   24.8401890       6.98064978E-05
   24.8801899       7.60213588E-05
   24.9201908       8.19902925E-05
   24.9601917       8.77086641E-05
   25.0001926       9.31723334E-05
   25.0401936       9.83776554E-05
   25.0801945       1.03321465E-04
   25.1201954       1.08001084E-04
   25.1601963       1.12414309E-04
   25.2001972       1.16559408E-04
   25.2401981       1.20435107E-04
   25.2801991       1.24040598E-04
   25.3202000       1.27375519E-04
   25.3602009       1.30439934E-04
   25.4002018       1.33234353E-04
   25.4402027       1.35759707E-04
   25.4802036       1.38017349E-04
   25.5202045       1.40009011E-04
   25.5602055       1.41736818E-04
   25.6002064       1.43203288E-04
   25.6402073       1.44411300E-04
   25.6802082       1.45364102E-04
   25.7202091       1.46065257E-04
   25.7602100       1.46518694E-04
   25.8002110       1.46728635E-04
   25.8402119       1.46699604E-04
   25.8802128       1.46436432E-04
   25.9202137       1.45944228E-04
   25.9602146       1.45228361E-04
   26.0002155       1.44294449E-04
   26.0402164       1.43148340E-04
   26.0802174       1.41796118E-04
   26.1202183       1.40244068E-04
   26.1602192       1.38498668E-04
   26.2002201       1.36566581E-04
   26.2402210       1.34454618E-04
   26.2802219       1.32169778E-04
   26.3202229       1.29719163E-04
   26.3602238       1.27110005E-04
   26.4002247       1.24349652E-04
   26.4402256       1.21445548E-04
   26.4802265       1.18405216E-04
   26.5202274       1.15236238E-04
   26.5602283       1.11946261E-04
   26.6002293       1.08542969E-04
   26.6402302       1.05034080E-04
   26.6802311       1.01427308E-04
   26.7202320       9.77303935E-05
   26.7602329       9.39510428E-05
   26.8002338       9.00969608E-05
   26.8402348       8.61758017E-05
   26.8802357       8.21951908E-05
   26.9202366       7.81626732E-05
   26.9602375       7.40857504E-05
   27.0002384       6.99718294E-05
   27.0402393       6.58282297E-05
   27.0802402       6.16621764E-05
   27.1202412       5.74807855E-05
   27.1602421       5.32910526E-05
   27.2002430       4.90998500E-05
   27.2402439       4.49139116E-05
   27.2802448       4.07398293E-05
   27.3202457       3.65840460E-05
   27.3602467       3.24528410E-05
   27.4002476       2.83523368E-05
   27.4402485       2.42884780E-05
   27.4802494       2.02670362E-05
   27.5202503       1.62935958E-05
   27.5602512       1.23735535E-05
   27.6002522       8.51211553E-06
   27.6402531       4.71428666E-06
   27.6802540       9.84871349E-07
   27.7202549      -2.67153155E-06
   27.7602558      -6.25053190E-06
   27.8002567      -9.74795148E-06
   27.8402576      -1.31598263E-05
   27.8802586      -1.64824069E-05
   27.9202595      -1.97121644E-05
   27.9602604      -2.28457866E-05
   28.0002613      -2.58801847E-05
   28.0402622      -2.88124866E-05
   28.0802631      -3.16400401E-05
   28.1202641      -3.43604188E-05
   28.1602650      -3.69714144E-05
   28.2002659      -3.94710369E-05
   28.2402668      -4.18575110E-05
   28.2802677      -4.41292868E-05
   28.3202686      -4.62850185E-05
   28.3602695      -4.83235781E-05
   28.4002705      -5.02440489E-05
   28.4402714      -5.20457215E-05
   28.4802723      -5.37280866E-05
   28.5202732      -5.52908386E-05
   28.5602741      -5.67338720E-05
   28.6002750      -5.80572705E-05
   28.6402760      -5.92613105E-05
   28.6802769      -6.03464505E-05
   28.7202778      -6.13133307E-05
   28.7602787      -6.21627769E-05
   28.8002796      -6.28957714E-05
   28.8402805      -6.35134711E-05
   28.8802814      -6.40172002E-05
   28.9202824      -6.44084212E-05
   28.9602833      -6.46887638E-05
   29.0002842      -6.48600035E-05
   29.0402851      -6.49240392E-05
   29.0802860      -6.48829155E-05
   29.1202869      -6.47388006E-05
   29.1602879      -6.44939864E-05
   29.2002888      -6.41508814E-05
   29.2402897      -6.37119956E-05
   29.2802906      -6.31799485E-05
   29.3202915      -6.25574539E-05
   29.3602924      -6.18473132E-05
   29.4002934      -6.10524221E-05
   29.4402943      -6.01757456E-05
   29.4802952      -5.92203214E-05
   29.5202961      -5.81892527E-05
   29.5602970      -5.70857046E-05
   29.6002979      -5.59128894E-05
   29.6402988      -5.46740703E-05
   29.6802998      -5.33725470E-05
   29.7203007      -5.20116591E-05
   29.7603016      -5.05947719E-05
   29.8003025      -4.91252686E-05
   29.8403034      -4.76065543E-05
   29.8803043      -4.60420451E-05
   29.9203053      -4.44351608E-05
   29.9603062      -4.27893174E-05
   30.0003071      -4.11079272E-05
   30.0403080      -3.93943919E-05
   30.0803089      -3.76520948E-05
   30.1203098      -3.58844009E-05
   30.1603107      -3.40946463E-05
   30.2003117      -3.22861342E-05
   30.2403126      -3.04621353E-05
   30.2803135      -2.86258783E-05
   30.3203144      -2.67805444E-05
   30.3603153      -2.49292680E-05
   30.4003162      -2.30751302E-05
   30.4403172      -2.12211562E-05
   30.4803181      -1.93703072E-05
   30.5203190      -1.75254827E-05
   30.5603199      -1.56895130E-05
   30.6003208      -1.38651603E-05
   30.6403217      -1.20551103E-05
   30.6803226      -1.02619733E-05
   30.7203236      -8.48827949E-06
   30.7603245      -6.73647855E-06
   30.8003254      -5.00893520E-06
   30.8403263      -3.30792841E-06
   30.8803272      -1.63564914E-06
   30.9203281       5.80166670E-09
   30.9603291       1.61441415E-06
   31.0003300       3.18827142E-06
   31.0403309       4.72554984E-06
   31.0803318       6.22452217E-06
   31.1203327       7.68355585E-06
   31.1603336       9.10111521E-06
   31.2003345       1.04757610E-05
   31.2403355       1.18061525E-05
   31.2803364       1.30910466E-05
   31.3203373       1.43292973E-05
   31.3603382       1.55198559E-05
   31.4003391       1.66617720E-05
   31.4403400       1.77541915E-05
   31.4803410       1.87963542E-05
   31.5203419       1.97875997E-05
   31.5603428       2.07273606E-05
   31.6003437       2.16151620E-05
   31.6403446       2.24506239E-05
   31.6803455       2.32334551E-05
   31.7203465       2.39634555E-05
   31.7603474       2.46405161E-05
   31.8003483       2.52646096E-05
   31.8403492       2.58357977E-05
   31.8803501       2.63542261E-05
   31.9203510       2.68201184E-05
   31.9603519       2.72337802E-05
   32.0003510       2.75955954E-05
   32.0403519       2.79060205E-05
   32.0803528       2.81655884E-05
   32.1203537       2.83748996E-05
   32.1603546       2.85346250E-05
   32.2003555       2.86454997E-05
   32.2403564       2.87083240E-05
   32.2803574       2.87239582E-05
   32.3203583       2.86933227E-05
   32.3603592       2.86173909E-05
   32.4003601       2.84971884E-05
   32.4403610       2.83337959E-05
   32.4803619       2.81283374E-05
   32.5203629       2.78819825E-05
   32.5603638       2.75959428E-05
   32.6003647       2.72714697E-05
   32.6403656       2.69098527E-05
   32.6803665       2.65124127E-05
   32.7203674       2.60805009E-05
   32.7603683       2.56154981E-05
   32.8003693       2.51188103E-05
   32.8403702       2.45918673E-05
   32.8803711       2.40361151E-05
   32.9203720       2.34530216E-05
   32.9603729       2.28440640E-05
   33.0003738       2.22107356E-05
   33.0403748       2.15545369E-05
   33.0803757       2.08769743E-05
   33.1203766       2.01795592E-05
   33.1603775       1.94638051E-05
   33.2003784       1.87312253E-05
   33.2403793       1.79833260E-05
   33.2803802       1.72216114E-05
   33.3203812       1.64475769E-05
   33.3603821       1.56627066E-05
   33.4003830       1.48684740E-05
   33.4403839       1.40663360E-05
   33.4803848       1.32577352E-05
   33.5203857       1.24440940E-05
   33.5603867       1.16268147E-05
   33.6003876       1.08072782E-05
   33.6403885       9.98684118E-06
   33.6803894       9.16683348E-06
   33.7203903       8.34855928E-06
   33.7603912       7.53329277E-06
   33.8003922       6.72227816E-06
   33.8403931       5.91672824E-06
   33.8803940       5.11782264E-06
   33.9203949       4.32670686E-06
   33.9603958       3.54449048E-06
   34.0003967       2.77224717E-06
   34.0403976       2.01101329E-06
   34.0803986       1.26178634E-06
   34.1203995       5.25525138E-07
   34.1604004      -1.96851659E-07
   34.2004013      -9.04465935E-07
   34.2404022      -1.59648084E-06
   34.2804031      -2.27210103E-06
   34.3204041      -2.93057337E-06
   34.3604050      -3.57118734E-06
   34.4004059      -4.19327534E-06
   34.4404068      -4.79621212E-06
   34.4804077      -5.37941605E-06
   34.5204086      -5.94234916E-06
   34.5604095      -6.48451578E-06
   34.6004105      -7.00546389E-06
   34.6404114      -7.50478421E-06
   34.6804123      -7.98211022E-06
   34.7204132      -8.43711859E-06
   34.7604141      -8.86952694E-06
   34.8004150      -9.27909605E-06
   34.8404160      -9.66562766E-06
   34.8804169      -1.00289635E-05
   34.9204178      -1.03689863E-05
   34.9604187      -1.06856178E-05
   35.0004196      -1.09788198E-05
   35.0404205      -1.12485923E-05
   35.0804214      -1.14949707E-05
   35.1204224      -1.17180298E-05
   35.1604233      -1.19178794E-05
   35.2004242      -1.20946634E-05
   35.2404251      -1.22485599E-05
   35.2804260      -1.23797809E-05
   35.3204269      -1.24885701E-05
   35.3604279      -1.25752013E-05
   35.4004288      -1.26399800E-05
   35.4404297      -1.26832392E-05
   35.4804306      -1.27053399E-05
   35.5204315      -1.27066696E-05
   35.5604324      -1.26876421E-05
   35.6004333      -1.26486948E-05
   35.6404343      -1.25902889E-05
   35.6804352      -1.25129063E-05
   35.7204361      -1.24170510E-05
   35.7604370      -1.23032460E-05
   35.8004379      -1.21720313E-05
   35.8404388      -1.20239656E-05
   35.8804398      -1.18596236E-05
   35.9204407      -1.16795927E-05
   35.9604416      -1.14844752E-05
   36.0004425      -1.12748849E-05
   36.0404434      -1.10514466E-05
   36.0804443      -1.08147942E-05
   36.1204453      -1.05655718E-05
   36.1604462      -1.03044285E-05
   36.2004471      -1.00320212E-05
   36.2404480      -9.74901104E-06
   36.2804489      -9.45606189E-06
   36.3204498      -9.15384226E-06
   36.3604507      -8.84302062E-06
   36.4004517      -8.52426729E-06
   36.4404526      -8.19824982E-06
   36.4804535      -7.86563578E-06
   36.5204544      -7.52708866E-06
   36.5604553      -7.18326919E-06
   36.6004562      -6.83483313E-06
   36.6404572      -6.48242985E-06
   36.6804581      -6.12670283E-06
   36.7204590      -5.76828779E-06
   36.7604599      -5.40781184E-06
   36.8004608      -5.04589252E-06
   36.8404617      -4.68313829E-06
   36.8804626      -4.32014622E-06
   36.9204636      -3.95750158E-06
   36.9604645      -3.59577803E-06
   37.0004654      -3.23553559E-06
   37.0404663      -2.87732109E-06
   37.0804672      -2.52166728E-06
   37.1204681      -2.16909189E-06
   37.1604691      -1.82009740E-06
   37.2004700      -1.47517073E-06
   37.2404709      -1.13478234E-06
   37.2804718      -7.99386044E-07
   37.3204727      -4.69418637E-07
   37.3604736      -1.45299509E-07
   37.4004745       1.72569713E-07
   37.4404755       4.83805479E-07
   37.4804764       7.88042428E-07
   37.5204773       1.08493373E-06
   37.5604782       1.37415134E-06
   37.6004791       1.65538597E-06
   37.6404800       1.92834727E-06
   37.6804810       2.19276399E-06
   37.7204819       2.44838384E-06
   37.7604828       2.69497400E-06
   37.8004837       2.93232051E-06
   37.8404846       3.16022829E-06
   37.8804855       3.37852157E-06
   37.9204865       3.58704324E-06
   37.9604874       3.78565528E-06
   38.0004883       3.97423810E-06
   38.0404892       4.15269051E-06
   38.0804901       4.32092929E-06
   38.1204910       4.47888988E-06
   38.1604919       4.62652497E-06
   38.2004929       4.76380501E-06
   38.2404938       4.89071726E-06
   38.2804947       5.00726628E-06
   38.3204956       5.11347253E-06
   38.3604965       5.20937328E-06
   38.4004974       5.29502086E-06
   38.4404984       5.37048345E-06
   38.4804993       5.43584429E-06
   38.5205002       5.49120023E-06
   38.5605011       5.53666314E-06
   38.6005020       5.57235808E-06
   38.6405029       5.59842374E-06
   38.6805038       5.61501065E-06
   38.7205048       5.62228161E-06
   38.7605057       5.62041168E-06
   38.8005066       5.60958642E-06
   38.8405075       5.59000227E-06
   38.8805084       5.56186569E-06
   38.9205093       5.52539268E-06
   38.9605103       5.48080880E-06
   39.0005112       5.42834732E-06
   39.0405121       5.36824973E-06
   39.0805130       5.30076477E-06
   39.1205139       5.22614846E-06
   39.1605148       5.14466228E-06
   39.2005157       5.05657454E-06
   39.2405167       4.96215807E-06
   39.2805176       4.86169029E-06
   39.3205185       4.75545312E-06
   39.3605194       4.64373215E-06
   39.4005203       4.52681570E-06
   39.4405212       4.40499480E-06
   39.4805222       4.27856230E-06
   39.5205231       4.14781243E-06
   39.5605240       4.01304123E-06
   39.6005249       3.87454475E-06
   39.6405258       3.73261878E-06
   39.6805267       3.58755915E-06
   39.7205276       3.43966053E-06
   39.7605286       3.28921647E-06
   39.8005295       3.13651867E-06
   39.8405304       2.98185637E-06
   39.8805313       2.82551628E-06
   39.9205322       2.66778216E-06
   39.9605331       2.50893436E-06
   40.0005341       2.34924914E-06
   40.0405350       2.18899891E-06
   40.0805359       2.02845126E-06
   40.1205368       1.86786906E-06
   40.1605377       1.70750991E-06
   40.2005386       1.54762586E-06
   40.2405396       1.38846326E-06
   40.2805405       1.23026246E-06
   40.3205414       1.07325718E-06
   40.3605423       9.17674868E-07
   40.4005432       7.63735898E-07
   40.4405441       6.11653718E-07
   40.4805450       4.61634556E-07
   40.5205460       3.13877166E-07
   40.5605469       1.68572726E-07
   40.6005478       2.59046544E-08
   40.6405487      -1.13951515E-07
   40.6805496      -2.50828236E-07
   40.7205505      -3.84566079E-07
   40.7605515      -5.15013880E-07
   40.8005524      -6.42028681E-07
   40.8405533      -7.65475988E-07
   40.8805542      -8.85229554E-07
   40.9205551      -1.00117165E-06
   40.9605560      -1.11319309E-06
   41.0005569      -1.22119297E-06
   41.0405579      -1.32507898E-06
   41.0805588      -1.42476711E-06
   41.1205597      -1.52018185E-06
   41.1605606      -1.61125604E-06
   41.2005615      -1.69793066E-06
   41.2405624      -1.78015512E-06
   41.2805634      -1.85788690E-06
   41.3205643      -1.93109145E-06
   41.3605652      -1.99974215E-06
   41.4005661      -2.06382015E-06
   41.4405670      -2.12331452E-06
   41.4805679      -2.17822162E-06
   41.5205688      -2.22854555E-06
   41.5605698      -2.27429723E-06
   41.6005707      -2.31549507E-06
   41.6405716      -2.35216407E-06
   41.6805725      -2.38433631E-06
   41.7205734      -2.41205021E-06
   41.7605743      -2.43535055E-06
   41.8005753      -2.45428828E-06
   41.8405762      -2.46892046E-06
   41.8805771      -2.47930961E-06
   41.9205780      -2.48552419E-06
   41.9605789      -2.48763763E-06
   42.0005798      -2.48572860E-06
   42.0405807      -2.47988055E-06
   42.0805817      -2.47018170E-06
   42.1205826      -2.45672436E-06
   42.1605835      -2.43960540E-06
   42.2005844      -2.41892553E-06
   42.2405853      -2.39478891E-06
   42.2805862      -2.36730352E-06
   42.3205872      -2.33658011E-06
   42.3605881      -2.30273258E-06
   42.4005890      -2.26587758E-06
   42.4405899      -2.22613426E-06
   42.4805908      -2.18362402E-06
   42.5205917      -2.13847034E-06
   42.5605927      -2.09079803E-06
   42.6005936      -2.04073399E-06
   42.6405945      -1.98840598E-06
   42.6805954      -1.93394317E-06
   42.7205963      -1.87747526E-06
   42.7605972      -1.81913276E-06
   42.8005981      -1.75904654E-06
   42.8405991      -1.69734756E-06
   42.8806000      -1.63416678E-06
   42.9206009      -1.56963495E-06
   42.9606018      -1.50388234E-06
   43.0006027      -1.43703858E-06
   43.0406036      -1.36923245E-06
   43.0806046      -1.30059163E-06
   43.1206055      -1.23124266E-06
   43.1606064      -1.16131071E-06
   43.2006073      -1.09091934E-06
   43.2406082      -1.02019033E-06
   43.2806091      -9.49243542E-07
   43.3206100      -8.78196943E-07
   43.3606110      -8.07166145E-07
   43.4006119      -7.36264496E-07
   43.4406128      -6.65602840E-07
   43.4806137      -5.95289464E-07
   43.5206146      -5.25429869E-07
   43.5606155      -4.56126799E-07
   43.6006165      -3.87479986E-07
   43.6406174      -3.19586150E-07
   43.6806183      -2.52538825E-07
   43.7206192      -1.86428394E-07
   43.7606201      -1.21341884E-07
   43.8006210      -5.73629606E-08
   43.8406219       5.42816281E-09
   43.8806229       6.69547831E-08
   43.9206238       1.27143750E-07
   43.9606247       1.85925501E-07
   44.0006256       2.43234126E-07
   44.0406265       2.99007411E-07
   44.0806274       3.53186806E-07
   44.1206284       4.05717515E-07
   44.1606293       4.56548463E-07
   44.2006302       5.05632329E-07
   44.2406311       5.52925485E-07
   44.2806320       5.98388112E-07
   44.3206329       6.41984059E-07
   44.3606339       6.83680923E-07
   44.4006348       7.23449944E-07
   44.4406357       7.61266051E-07
   44.4806366       7.97107816E-07
   44.5206375       8.30957390E-07
   44.5606384       8.62800448E-07
   44.6006393       8.92626133E-07
   44.6406403       9.20427112E-07
   44.6806412       9.46199407E-07
   44.7206421       9.69942334E-07
   44.7606430       9.91658453E-07
   44.8006439       1.01135367E-06
   44.8406448       1.02903675E-06
   44.8806458       1.04471974E-06
   44.9206467       1.05841752E-06
   44.9606476       1.07014785E-06
   45.0006485       1.07993139E-06
   45.0406494       1.08779136E-06
   45.0806503       1.09375367E-06
   45.1206512       1.09784673E-06
   45.1606522       1.10010137E-06
   45.2006531       1.10055078E-06
   45.2406540       1.09923030E-06
   45.2806549       1.09617747E-06
   45.3206558       1.09143184E-06
   45.3606567       1.08503480E-06
   45.4006577       1.07702965E-06
   45.4406586       1.06746131E-06
   45.4806595       1.05637639E-06
   45.5206604       1.04382298E-06
   45.5606613       1.02985052E-06
   45.6006622       1.01450973E-06
   45.6406631       9.97852567E-07
   45.6806641       9.79931997E-07
   45.7206650       9.60801913E-07
   45.7606659       9.40517168E-07
   45.8006668       9.19133299E-07
   45.8406677       8.96706467E-07
   45.8806686       8.73293459E-07
   45.9206696       8.48951458E-07
   45.9606705       8.23737992E-07
   46.0006714       7.97710811E-07
   46.0406723       7.70927841E-07
   46.0806732       7.43447004E-07
   46.1206741       7.15326280E-07
   46.1606750       6.86623480E-07
   46.2006760       6.57396129E-07
   46.2406769       6.27701468E-07
   46.2806778       5.97596397E-07
   46.3206787       5.67137249E-07
   46.3606796       5.36379844E-07
   46.4006805       5.05379433E-07
   46.4406815       4.74190387E-07
   46.4806824       4.42866423E-07
   46.5206833       4.11460348E-07
   46.5606842       3.80024062E-07
   46.6006851       3.48608467E-07
   46.6406860       3.17263414E-07
   46.6806870       2.86037647E-07
   46.7206879       2.54978715E-07
   46.7606888       2.24133004E-07
   46.8006897       1.93545588E-07
   46.8406906       1.63260253E-07
   46.8806915       1.33319418E-07
   46.9206924       1.03764080E-07
   46.9606934       7.46338245E-08
   47.0006943       4.59667646E-08
   47.0406952       1.77994988E-08
   47.0806961      -9.83290072E-09
   47.1206970      -3.68969211E-08
   47.1606979      -6.33606234E-08
   47.2006989      -8.91936764E-08
   47.2406998      -1.14367360E-07
   47.2807007      -1.38854574E-07
   47.3207016      -1.62629888E-07
   47.3607025      -1.85669478E-07
   47.4007034      -2.07951217E-07
   47.4407043      -2.29454599E-07
   47.4807053      -2.50160781E-07
   47.5207062      -2.70052595E-07
   47.5607071      -2.89114467E-07
   47.6007080      -3.07332527E-07
   47.6407089      -3.24694497E-07
   47.6807098      -3.41189718E-07
   47.7207108      -3.56809124E-07
   47.7607117      -3.71545241E-07
   47.8007126      -3.85392184E-07
   47.8407135      -3.98345549E-07
   47.8807144      -4.10402492E-07
   47.9207153      -4.21561651E-07
   47.9607162      -4.31823139E-07
   48.0007172      -4.41188462E-07
   48.0407181      -4.49660575E-07
   48.0807190      -4.57243800E-07
   48.1207199      -4.63943763E-07
   48.1607208      -4.69767429E-07
   48.2007217      -4.74722981E-07
   48.2407227      -4.78819857E-07
   48.2807236      -4.82068685E-07
   48.3207245      -4.84481234E-07
   48.3607254      -4.86070348E-07
   48.4007263      -4.86850013E-07
   48.4407272      -4.86835120E-07
   48.4807281      -4.86041586E-07
   48.5207291      -4.84486236E-07
   48.5607300      -4.82186806E-07
   48.6007309      -4.79161884E-07
   48.6407318      -4.75430795E-07
   48.6807327      -4.71013635E-07
   48.7207336      -4.65931208E-07
   48.7607346      -4.60204944E-07
   48.8007355      -4.53856870E-07
   48.8407364      -4.46909581E-07
   48.8807373      -4.39386184E-07
   48.9207382      -4.31310241E-07
   48.9607391      -4.22705710E-07
   49.0007401      -4.13596950E-07
   49.0407410      -4.04008603E-07
   49.0807419      -3.93965621E-07
   49.1207428      -3.83493159E-07
   49.1607437      -3.72616540E-07
   49.2007446      -3.61361259E-07
   49.2407455      -3.49752924E-07
   49.2807465      -3.37817141E-07
   49.3207474      -3.25579578E-07
   49.3607483      -3.13065840E-07
   49.4007492      -3.00301451E-07
   49.4407501      -2.87311877E-07
   49.4807510      -2.74122385E-07
   49.5207520      -2.60758100E-07
   49.5607529      -2.47243889E-07
   49.6007538      -2.33604368E-07
   49.6407547      -2.19863878E-07
   49.6807556      -2.06046408E-07
   49.7207565      -1.92175619E-07
   49.7607574      -1.78274760E-07
   49.8007584      -1.64366682E-07
   49.8407593      -1.50473781E-07
   49.8807602      -1.36617970E-07
   49.9207611      -1.22820694E-07
   49.9607620      -1.09102849E-07
   50.0007629      -9.54847934E-08
   50.0407639      -8.19863288E-08
   50.0807648      -6.86266546E-08
   50.1207657      -5.54243691E-08
   50.1607666      -4.23974491E-08
   50.2007675      -2.95632319E-08
   50.2407684      -1.69383974E-08
   50.2807693      -4.53895854E-09
   50.3207703       7.61975372E-09
   50.3607712       1.95230996E-08
   50.4007721       3.11571426E-08
   50.4407730       4.25086526E-08
   50.4807739       5.35651203E-08
   50.5207748       6.43147544E-08
   50.5607758       7.47464881E-08
   50.6007767       8.48499937E-08
   50.6407776       9.46156717E-08
   50.6807785       1.04034648E-07
   50.7207794       1.13098793E-07
   50.7607803       1.21800696E-07
   50.8007812       1.30133685E-07
   50.8407822       1.38091792E-07
   50.8807831       1.45669787E-07
   50.9207840       1.52863151E-07
   50.9607849       1.59668076E-07
   51.0007858       1.66081435E-07
   51.0407867       1.72100783E-07
   51.0807877       1.77724388E-07
   51.1207886       1.82951169E-07
   51.1607895       1.87780685E-07
   51.2007904       1.92213164E-07
   51.2407913       1.96249459E-07
   51.2807922       1.99891019E-07
   51.3207932       2.03139919E-07
   51.3607941       2.05998816E-07
   51.4007950       2.08470951E-07
   51.4407959       2.10560088E-07
   51.4807968       2.12270535E-07
   51.5207977       2.13607152E-07
   51.5607986       2.14575266E-07
   51.6007996       2.15180691E-07
   51.6408005       2.15429722E-07
   51.6808014       2.15329081E-07
   51.7208023       2.14885929E-07
   51.7608032       2.14107814E-07
   51.8008041       2.13002693E-07
   51.8408051       2.11578879E-07
   51.8808060       2.09845012E-07
   51.9208069       2.07810061E-07
   51.9608078       2.05483317E-07
   52.0008087       2.02874332E-07
   52.0408096       1.99992925E-07
   52.0808105       1.96849157E-07
   52.1208115       1.93453317E-07
   52.1608124       1.89815864E-07
   52.2008133       1.85947457E-07
   52.2408142       1.81858894E-07
   52.2808151       1.77561134E-07
   52.3208160       1.73065231E-07
   52.3608170       1.68382343E-07
   52.4008179       1.63523694E-07
   52.4408188       1.58500583E-07
   52.4808197       1.53324336E-07
   52.5208206       1.48006293E-07
   52.5608215       1.42557809E-07
   52.6008224       1.36990195E-07
   52.6408234       1.31314749E-07
   52.6808243       1.25542712E-07
   52.7208252       1.19685239E-07
   52.7608261       1.13753423E-07
   52.8008270       1.07758240E-07
   52.8408279       1.01710548E-07
   52.8808289       9.56210684E-08
   52.9208298       8.95003893E-08
   52.9608307       8.33589198E-08
   53.0008316       7.72069058E-08
   53.0408325       7.10544015E-08
   53.0808334       6.49112621E-08
   53.1208344       5.87871263E-08
   53.1608353       5.26914157E-08
   53.2008362       4.66333105E-08
   53.2408371       4.06217566E-08
   53.2808380       3.46654403E-08
   53.3208389       2.87727833E-08
   53.3608398       2.29519443E-08
   53.4008408       1.72107981E-08
   53.4408417       1.15569385E-08
   53.4808426       5.99766459E-09
   53.5208435       5.39980061E-10
   53.5608444      -4.80941464E-09
   53.6008453      -1.00441273E-08
   53.6408463      -1.51580739E-08
   53.6808472      -2.01454888E-08
   53.7208481      -2.50009222E-08
   53.7608490      -2.97192457E-08
   53.8008499      -3.42956525E-08
   53.8408508      -3.87256591E-08
   53.8808517      -4.30051017E-08
   53.9208527      -4.71301504E-08
   53.9608536      -5.10972882E-08
   54.0008545      -5.49033281E-08
   54.0408554      -5.85454032E-08
   54.0808563      -6.20209661E-08
   54.1208572      -6.53277823E-08
   54.1608582      -6.84639332E-08
   54.2008591      -7.14278201E-08
   54.2408600      -7.42181498E-08
   54.2808609      -7.68339206E-08
   54.3208618      -7.92744430E-08
   54.3608627      -8.15393122E-08
   54.4008636      -8.36284215E-08
   54.4408646      -8.55419415E-08
   54.4808655      -8.72803270E-08
   54.5208664      -8.88442955E-08
   54.5608673      -9.02348347E-08
   54.6008682      -9.14531881E-08
   54.6408691      -9.25008479E-08
   54.6808701      -9.33795548E-08
   54.7208710      -9.40912770E-08
   54.7608719      -9.46382244E-08
   54.8008728      -9.50228056E-08
   54.8408737      -9.52476640E-08
   54.8808746      -9.53156274E-08
   54.9208755      -9.52297228E-08
   54.9608765      -9.49931689E-08
   55.0008774      -9.46093621E-08
   55.0408783      -9.40818552E-08
   55.0808792      -9.34143642E-08
   55.1208801      -9.26107617E-08
   55.1608810      -9.16750551E-08
   55.2008820      -9.06113797E-08
   55.2408829      -8.94239989E-08
   55.2808838      -8.81172895E-08
   55.3208847      -8.66957279E-08
   55.3608856      -8.51638831E-08
   55.4008865      -8.35264160E-08
   55.4408875      -8.17880519E-08
   55.4808884      -7.99535940E-08
   55.5208893      -7.80279024E-08
   55.5608902      -7.60158798E-08
   55.6008911      -7.39224717E-08
   55.6408920      -7.17526589E-08
   55.6808929      -6.95114366E-08
   55.7208939      -6.72038212E-08
   55.7608948      -6.48348291E-08
   55.8008957      -6.24094838E-08
   55.8408966      -5.99327876E-08
   55.8808975      -5.74097321E-08
   55.9208984      -5.48452839E-08
   55.9608994      -5.22443706E-08
   56.0009003      -4.96118844E-08
   56.0409012      -4.69526711E-08
   56.0809021      -4.42715162E-08
   56.1209030      -4.15731520E-08
   56.1609039      -3.88622361E-08
   56.2009048      -3.61433585E-08
   56.2409058      -3.34210313E-08
   56.2809067      -3.06996775E-08
   56.3209076      -2.79836296E-08
   56.3609085      -2.52771297E-08
   56.4009094      -2.25843166E-08
   56.4409103      -1.99092245E-08
   56.4809113      -1.72557790E-08
   56.5209122      -1.46277941E-08
   56.5609131      -1.20289636E-08
   56.6009140      -9.46286338E-09
   56.6409149      -6.93294488E-09
   56.6809158      -4.44253168E-09
   56.7209167      -1.99481898E-09
   56.7609177       4.07131218E-10
   56.8009186       2.76039103E-09
   56.8409195       5.06216891E-09
   56.8809204       7.30981187E-09
   56.9209213       9.50080636E-09
   56.9609222       1.16327801E-08
   57.0009232       1.37035014E-08
   57.0409241       1.57108833E-08
   57.0809250       1.76529795E-08
   57.1209259       1.95279881E-08
   57.1609268       2.13342517E-08
   57.2009277       2.30702568E-08
   57.2409286       2.47346286E-08
   57.2809296       2.63261377E-08
   57.3209305       2.78436953E-08
   57.3609314       2.92863511E-08
   57.4009323       3.06532968E-08
   57.4409332       3.19438556E-08
   57.4809341       3.31574945E-08
   57.5209351       3.42938087E-08
   57.5609360       3.53525280E-08
   57.6009369       3.63335069E-08
   57.6409378       3.72367346E-08
   57.6809387       3.80623177E-08
   57.7209396       3.88104908E-08
   57.7609406       3.94816020E-08
   57.8009415       4.00761202E-08
   57.8409424       4.05946281E-08
   57.8809433       4.10378114E-08
   57.9209442       4.14064729E-08
   57.9609451       4.17015116E-08
   58.0009460       4.19239257E-08
   58.0409470       4.20748130E-08
   58.0809479       4.21553636E-08
   58.1209488       4.21668531E-08
   58.1609497       4.21106456E-08
   58.2009506       4.19881871E-08
   58.2409515       4.18009947E-08
   58.2809525       4.15506669E-08
   58.3209534       4.12388630E-08
   58.3609543       4.08673131E-08
   58.4009552       4.04378078E-08
   58.4409561       3.99521909E-08
   58.4809570       3.94123632E-08
   58.5209579       3.88202714E-08
   58.5609589       3.81779088E-08
   58.6009598       3.74873110E-08
   58.6409607       3.67505457E-08
   58.6809616       3.59697125E-08
   58.7209625       3.51469467E-08
   58.7609634       3.42844011E-08
   58.8009644       3.33842500E-08
   58.8409653       3.24486891E-08
   58.8809662       3.14799209E-08
   58.9209671       3.04801588E-08
   58.9609680       2.94516234E-08
   59.0009689       2.83965367E-08
   59.0409698       2.73171175E-08
   59.0809708       2.62155790E-08
   59.1209717       2.50941259E-08
   59.1609726       2.39549518E-08
   59.2009735       2.28002328E-08
   59.2409744       2.16321290E-08
   59.2809753       2.04527755E-08
   59.3209763       1.92642844E-08
   59.3609772       1.80687394E-08
   59.4009781       1.68681957E-08
   59.4409790       1.56646731E-08
   59.4809799       1.44601584E-08
   59.5209808       1.32565976E-08
   59.5609818       1.20558976E-08
   59.6009827       1.08599219E-08
   59.6409836       9.67049019E-09
   59.6809845       8.48937365E-09
   59.7209854       7.31829664E-09
   59.7609863       6.15893203E-09
   59.8009872       5.01290032E-09
   59.8409882       3.88176868E-09
   59.8809891       2.76704881E-09
   59.9209900       1.67019609E-09
   59.9609909       5.92608074E-10
   60.0009918      -4.64376315E-10
   60.0409927      -1.49947799E-09
   60.0809937      -2.51147858E-09
   60.1209946      -3.49922091E-09
   60.1609955      -4.46160975E-09
   60.2009964      -5.39761214E-09
   60.2409973      -6.30625818E-09
   60.2809982      -7.18664150E-09
   60.3209991      -8.03791789E-09
   60.3610001      -8.85930884E-09
   60.4010010      -9.65009672E-09
   60.4410019      -1.04096287E-08
   60.4810028      -1.11373151E-08
   60.5210037      -1.18326273E-08
   60.5610046      -1.24951018E-08
   60.6010056      -1.31243345E-08
   60.6410065      -1.37199834E-08
   60.6810074      -1.42817669E-08
   60.7210083      -1.48094639E-08
   60.7610092      -1.53029127E-08
   60.8010101      -1.57620068E-08
   60.8410110      -1.61867000E-08
   60.8810120      -1.65770011E-08
   60.9210129      -1.69329724E-08
   60.9610138      -1.72547328E-08
   61.0010147      -1.75424493E-08
   61.0410156      -1.77963440E-08
   61.0810165      -1.80166868E-08
   61.1210175      -1.82037958E-08
   61.1610184      -1.83580369E-08
   61.2010193      -1.84798203E-08
   61.2410202      -1.85695992E-08
   61.2810211      -1.86278726E-08
   61.3210220      -1.86551752E-08
   61.3610229      -1.86520843E-08
   61.4010239      -1.86192111E-08
   61.4410248      -1.85572038E-08
   61.4810257      -1.84667464E-08
   61.5210266      -1.83485511E-08
   61.5610275      -1.82033624E-08
   61.6010284      -1.80319510E-08
   61.6410294      -1.78351165E-08
   61.6810303      -1.76136830E-08
   61.7210312      -1.73684960E-08
   61.7610321      -1.71004242E-08
   61.8010330      -1.68103522E-08
   61.8410339      -1.64991860E-08
   61.8810349      -1.61678440E-08
   61.9210358      -1.58172604E-08
   61.9610367      -1.54483804E-08
   62.0010376      -1.50621613E-08
   62.0410385      -1.46595669E-08
   62.0810394      -1.42415688E-08
   62.1210403      -1.38091441E-08
   62.1610413      -1.33632732E-08
   62.2010422      -1.29049385E-08
   62.2410431      -1.24351232E-08
   62.2810440      -1.19548078E-08
   62.3210449      -1.14649712E-08
   62.3610458      -1.09665867E-08
   62.4010468      -1.04606235E-08
   62.4410477      -9.94804239E-09
   62.4810486      -9.42979650E-09
   62.5210495      -8.90682728E-09
   62.5610504      -8.38006731E-09
   62.6010513      -7.85043408E-09
   62.6410522      -7.31883265E-09
   62.6810532      -6.78615342E-09
   62.7210541      -6.25326990E-09
   62.7610550      -5.72103875E-09
   62.8010559      -5.19029841E-09
   62.8410568      -4.66186867E-09
   62.8810577      -4.13654844E-09
   62.9210587      -3.61511598E-09
   62.9610596      -3.09832804E-09
   63.0010605      -2.58691846E-09
   63.0410614      -2.08159801E-09
   63.0810623      -1.58305347E-09
   63.1210632      -1.09194698E-09
   63.1610641      -6.08915474E-10
   63.2010651      -1.34570299E-10
   63.2410660       3.30503291E-10
   63.2810669       7.85746579E-10
   63.3210678       1.23062782E-09
   63.3610687       1.66464242E-09
   63.4010696       2.08731343E-09
   63.4410706       2.49819121E-09
   63.4810715       2.89685431E-09
   63.5210724       3.28290928E-09
   63.5610733       3.65599040E-09
   63.6010742       4.01576017E-09
   63.6410751       4.36190950E-09
   63.6810760       4.69415662E-09
   63.7210770       5.01224839E-09
   63.7610779       5.31595878E-09
   63.8010788       5.60508928E-09
   63.8410797       5.87946891E-09
   63.8810806       6.13895379E-09
   63.9210815       6.38342668E-09
   63.9610825       6.61279653E-09
   64.0010834       6.82699852E-09
   64.0410843       7.02599356E-09
   64.0810852       7.20976701E-09
   64.1210861       7.37832950E-09
   64.1610870       7.53171570E-09
   64.2010880       7.66998287E-09
   64.2410889       7.79321319E-09
   64.2810898       7.90150967E-09
   64.3210907       7.99499755E-09
   64.3610916       8.07382339E-09
   64.4010925       8.13815504E-09
   64.4410934       8.18817902E-09
   64.4810944       8.22410140E-09
   64.5210953       8.24614688E-09
   64.5610962       8.25455704E-09
   64.6010971       8.24959212E-09
   64.6410980       8.23152746E-09
   64.6810989       8.20065349E-09
   64.7210999       8.15727574E-09
   64.7611008       8.10171397E-09
   64.8011017       8.03430034E-09
   64.8411026       7.95538035E-09
   64.8811035       7.86531018E-09
   64.9211044       7.76445663E-09
   64.9611053       7.65319719E-09
   65.0011063       7.53191820E-09
   65.0411072       7.40101358E-09
   65.0811081       7.26088523E-09
   65.1211090       7.11194215E-09
   65.1611099       6.95459867E-09
   65.2011108       6.78927492E-09
   65.2411118       6.61639454E-09
   65.2811127       6.43638565E-09
   65.3211136       6.24967900E-09
   65.3611145       6.05670669E-09
   65.4011154       5.85790305E-09
   65.4411163       5.65370284E-09
   65.4811172       5.44454082E-09
   65.5211182       5.23085086E-09
   65.5611191       5.01306552E-09
   65.6011200       4.79161466E-09
   65.6411209       4.56692639E-09
   65.6811218       4.33942482E-09
   65.7211227       4.10953005E-09
   65.7611237       3.87765819E-09
   65.8011246       3.64421937E-09
   65.8411255       3.40961859E-09
   65.8811264       3.17425441E-09
   65.9211273       2.93851876E-09
   65.9611282       2.70279621E-09
   66.0011292       2.46746357E-09
   66.0411301       2.23288965E-09
   66.0811310       1.99943462E-09
   66.1211319       1.76744952E-09
   66.1611328       1.53727620E-09
   66.2011337       1.30924671E-09
   66.2411346       1.08368303E-09
   66.2811356       8.60896743E-10
   66.3211365       6.41188713E-10
   66.3611374       4.24848934E-10
   66.4011383       2.12156209E-10
   66.4411392       3.37788131E-12
   66.4811401      -2.01230282E-10
   66.5211411      -4.01424310E-10
   66.5611420      -5.96972138E-10
   66.6011429      -7.87653887E-10
   66.6411438      -9.73261693E-10
   66.6811447      -1.15360022E-09
   66.7211456      -1.32848621E-09
   66.7611465      -1.49774881E-09
   66.8011475      -1.66122982E-09
   66.8411484      -1.81878324E-09
   66.8811493      -1.97027550E-09
   66.9211502      -2.11558548E-09
   66.9611511      -2.25460428E-09
   67.0011520      -2.38723530E-09
   67.0411530      -2.51339416E-09
   67.0811539      -2.63300848E-09
   67.1211548      -2.74601764E-09
   67.1611557      -2.85237300E-09
   67.2011566      -2.95203750E-09
   67.2411575      -3.04498537E-09
   67.2811584      -3.13120241E-09
   67.3211594      -3.21068505E-09
   67.3611603      -3.28344107E-09
   67.4011612      -3.34948846E-09
   67.4411621      -3.40885564E-09
   67.4811630      -3.46158147E-09
   67.5211639      -3.50771412E-09
   67.5611649      -3.54731178E-09
   67.6011658      -3.58044172E-09
   67.6411667      -3.60718055E-09
   67.6811676      -3.62761310E-09
   67.7211685      -3.64183284E-09
   67.7611694      -3.64994124E-09
   67.8011703      -3.65204755E-09
   67.8411713      -3.64826835E-09
   67.8811722      -3.63872754E-09
   67.9211731      -3.62355568E-09
   67.9611740      -3.60288954E-09
   68.0011749      -3.57687213E-09
   68.0411758      -3.54565199E-09
   68.0811768      -3.50938323E-09
   68.1211777      -3.46822482E-09
   68.1611786      -3.42234041E-09
   68.2011795      -3.37189787E-09
   68.2411804      -3.31706929E-09
   68.2811813      -3.25802985E-09
   68.3211823      -3.19495830E-09
   68.3611832      -3.12803627E-09
   68.4011841      -3.05744785E-09
   68.4411850      -2.98337932E-09
   68.4811859      -2.90601876E-09
   68.5211868      -2.82555579E-09
   68.5611877      -2.74218115E-09
   68.6011887      -2.65608646E-09
   68.6411896      -2.56746402E-09
   68.6811905      -2.47650611E-09
   68.7211914      -2.38340503E-09
   68.7611923      -2.28835240E-09
   68.8011932      -2.19153939E-09
   68.8411942      -2.09315631E-09
   68.8811951      -1.99339190E-09
   68.9211960      -1.89243332E-09
   68.9611969      -1.79046600E-09
   69.0011978      -1.68767322E-09
   69.0411987      -1.58423608E-09
   69.0811996      -1.48033286E-09
   69.1212006      -1.37613920E-09
   69.1612015      -1.27182753E-09
   69.2012024      -1.16756715E-09
   69.2412033      -1.06352394E-09
   69.2812042      -9.59859969E-10
   69.3212051      -8.56733462E-10
   69.3612061      -7.54298735E-10
   69.4012070      -6.52705778E-10
   69.4412079      -5.52100365E-10
   69.4812088      -4.52623716E-10
   69.5212097      -3.54412388E-10
   69.5612106      -2.57598248E-10
   69.6012115      -1.62308222E-10
   69.6412125      -6.86643034E-11
   69.6812134       2.32165953E-11
   69.7212143       1.13222730E-10
   69.7612152       2.01247588E-10
   69.8012161       2.87189938E-10
   69.8412170       3.70953934E-10
   69.8812180       4.52449134E-10
   69.9212189       5.31590494E-10
   69.9612198       6.08298523E-10
   70.0012207       6.82499113E-10
   70.0412216       7.54123652E-10
   70.0812225       8.23109136E-10
   70.1212234       8.89397944E-10
   70.1612244       9.52937951E-10
   70.2012253       1.01368247E-09
   70.2412262       1.07159015E-09
   70.2812271       1.12662513E-09
   70.3212280       1.17875687E-09
   70.3612289       1.22795996E-09
   70.4012299       1.27421418E-09
   70.4412308       1.31750455E-09
   70.4812317       1.35782119E-09
   70.5212326       1.39515899E-09
   70.5612335       1.42951773E-09
   70.6012344       1.46090207E-09
   70.6412354       1.48932133E-09
   70.6812363       1.51478929E-09
   70.7212372       1.53732416E-09
   70.7612381       1.55694868E-09
   70.8012390       1.57368951E-09
   70.8412399       1.58757762E-09
   70.8812408       1.59864788E-09
   70.9212418       1.60693892E-09
   70.9612427       1.61249303E-09
   71.0012436       1.61535607E-09
   71.0412445       1.61557723E-09
   71.0812454       1.61320912E-09
   71.1212463       1.60830715E-09
   71.1612473       1.60092994E-09
   71.2012482       1.59113878E-09
   71.2412491       1.57899771E-09
   71.2812500       1.56457303E-09
   71.3212509       1.54793356E-09
   71.3612518       1.52915014E-09
   71.4012527       1.50829571E-09
   71.4412537       1.48544510E-09
   71.4812546       1.46067480E-09
   71.5212555       1.43406287E-09
   71.5612564       1.40568868E-09
   71.6012573       1.37563283E-09
   71.6412582       1.34397715E-09
   71.6812592       1.31080413E-09
   71.7212601       1.27619737E-09
   71.7612610       1.24024080E-09
   71.8012619       1.20301902E-09
   71.8412628       1.16461685E-09
   71.8812637       1.12511933E-09
   71.9212646       1.08461151E-09
   71.9612656       1.04317843E-09
   72.0012665       1.00090503E-09
   72.0412674       9.57875557E-10
   72.0812683       9.14174125E-10
   72.1212692       8.69884054E-10
   72.1612701       8.25087942E-10
   72.2012711       7.79867615E-10
   72.2412720       7.34303895E-10
   72.2812729       6.88476554E-10
   72.3212738       6.42464193E-10
   72.3612747       5.96344141E-10
   72.4012756       5.50192336E-10
   72.4412766       5.04083275E-10
   72.4812775       4.58089872E-10
   72.5212784       4.12283374E-10
   72.5612793       3.66733366E-10
   72.6012802       3.21507598E-10
   72.6412811       2.76671908E-10
   72.6812820       2.32290270E-10
   72.7212830       1.88424595E-10
   72.7612839       1.45134751E-10
   72.8012848       1.02478491E-10
   72.8412857       6.05113876E-11
   72.8812866       1.92868083E-11
   72.9212875      -2.11441385E-11
   72.9612885      -6.07326342E-11
   73.0012894      -9.94321847E-11
   73.0412903      -1.37198655E-10
   73.0812912      -1.73990281E-10
   73.1212921      -2.09767689E-10
   73.1612930      -2.44493925E-10
   73.2012939      -2.78134432E-10
   73.2412949      -3.10657111E-10
   73.2812958      -3.42032291E-10
   73.3212967      -3.72232717E-10
   73.3612976      -4.01233574E-10
   73.4012985      -4.29012437E-10
   73.4412994      -4.55549293E-10
   73.4813004      -4.80826545E-10
   73.5213013      -5.04828901E-10
   73.5613022      -5.27543509E-10
   73.6013031      -5.48959767E-10
   73.6413040      -5.69069347E-10
   73.6813049      -5.87866200E-10
   73.7213058      -6.05346551E-10
   73.7613068      -6.21508733E-10
   73.8013077      -6.36353248E-10
   73.8413086      -6.49882703E-10
   73.8813095      -6.62101762E-10
   73.9213104      -6.73017087E-10
   73.9613113      -6.82637280E-10
   74.0013123      -6.90972835E-10
   74.0413132      -6.98036129E-10
   74.0813141      -7.03841319E-10
   74.1213150      -7.08404280E-10
   74.1613159      -7.11742498E-10
   74.2013168      -7.13875181E-10
   74.2413177      -7.14822979E-10
   74.2813187      -7.14608150E-10
   74.3213196      -7.13254233E-10
   74.3613205      -7.10786152E-10
   74.4013214      -7.07230219E-10
   74.4413223      -7.02613800E-10
   74.4813232      -6.96965541E-10
   74.5213242      -6.90315083E-10
   74.5613251      -6.82693180E-10
   74.6013260      -6.74131362E-10
   74.6413269      -6.64662214E-10
   74.6813278      -6.54318988E-10
   74.7213287      -6.43135711E-10
   74.7613297      -6.31147079E-10
   74.8013306      -6.18388341E-10
   74.8413315      -6.04895356E-10
   74.8813324      -5.90704430E-10
   74.9213333      -5.75852199E-10
   74.9613342      -5.60375635E-10
   75.0013351      -5.44311984E-10
   75.0413361      -5.27698718E-10
   75.0813370      -5.10573417E-10
   75.1213379      -4.92973717E-10
   75.1613388      -4.74937256E-10
   75.2013397      -4.56501614E-10
   75.2413406      -4.37704262E-10
   75.2813416      -4.18582530E-10
   75.3213425      -3.99173500E-10
   75.3613434      -3.79513976E-10
   75.4013443      -3.59640429E-10
   75.4413452      -3.39588940E-10
   75.4813461      -3.19395121E-10
   75.5213470      -2.99094138E-10
   75.5613480      -2.78720630E-10
   75.6013489      -2.58308652E-10
   75.6413498      -2.37891623E-10
   75.6813507      -2.17502294E-10
   75.7213516      -1.97172750E-10
   75.7613525      -1.76934328E-10
   75.8013535      -1.56817573E-10
   75.8413544      -1.36852252E-10
   75.8813553      -1.17067273E-10
   75.9213562      -9.74906822E-11
   75.9613571      -7.81496395E-11
   76.0013580      -5.90703736E-11
   76.0413589      -4.02781836E-11
   76.0813599      -2.17973920E-11
   76.1213608      -3.65134138E-12
   76.1613617       1.41376303E-11
   76.2013626       3.15482016E-11
   76.2413635       4.85600865E-11
   76.2813644       6.51540349E-11
   76.3213654       8.13118600E-11
   76.3613663       9.70164296E-11
   76.4013672       1.12251680E-10
   76.4413681       1.27002631E-10
   76.4813690       1.41255355E-10
   76.5213699       1.54997015E-10
   76.5613708       1.68215844E-10
   76.6013718       1.80901155E-10
   76.6413727       1.93043317E-10
   76.6813736       2.04633768E-10
   76.7213745       2.15664986E-10
   76.7613754       2.26130517E-10
   76.8013763       2.36024922E-10
   76.8413773       2.45343801E-10
   76.8813782       2.54083754E-10
   76.9213791       2.62242394E-10
   76.9613800       2.69818251E-10
   77.0013809       2.76810880E-10
   77.0413818       2.83220780E-10
   77.0813828       2.89049312E-10
   77.1213837       2.94298808E-10
   77.1613846       2.98972430E-10
   77.2013855       3.03074232E-10
   77.2413864       3.06609071E-10
   77.2813873       3.09582637E-10
   77.3213882       3.12001397E-10
   77.3613892       3.13872595E-10
   77.4013901       3.15204168E-10
   77.4413910       3.16004778E-10
   77.4813919       3.16283777E-10
   77.5213928       3.16051130E-10
   77.5613937       3.15317467E-10
   77.6013947       3.14093945E-10
   77.6413956       3.12392362E-10
   77.6813965       3.10224985E-10
   77.7213974       3.07604581E-10
   77.7613983       3.04544417E-10
   77.8013992       3.01058206E-10
   77.8414001       2.97160019E-10
   77.8814011       2.92864344E-10
   77.9214020       2.88185975E-10
   77.9614029       2.83140095E-10
   78.0014038       2.77742107E-10
   78.0414047       2.72007694E-10
   78.0814056       2.65952760E-10
   78.1214066       2.59593402E-10
   78.1614075       2.52945859E-10
   78.2014084       2.46026560E-10
   78.2414093       2.38852021E-10
   78.2814102       2.31438799E-10
   78.3214111       2.23803545E-10
   78.3614120       2.15962900E-10
   78.4014130       2.07933532E-10
   78.4414139       1.99732050E-10
   78.4814148       1.91375027E-10
   78.5214157       1.82878948E-10
   78.5614166       1.74260190E-10
   78.6014175       1.65534988E-10
   78.6414185       1.56719429E-10
   78.6814194       1.47829429E-10
   78.7214203       1.38880712E-10
   78.7614212       1.29888753E-10
   78.8014221       1.20868815E-10
   78.8414230       1.11835888E-10
   78.8814240       1.02804681E-10
   78.9214249       9.37896080E-11
   78.9614258       8.48047743E-11
   79.0014267       7.58639471E-11
   79.0414276       6.69805530E-11
   79.0814285       5.81676617E-11
   79.1214294       4.94379607E-11
   79.1614304       4.08037493E-11
   79.2014313       3.22769381E-11
   79.2414322       2.38690196E-11
   79.2814331       1.55910701E-11
   79.3214340       7.45373294E-12
   79.3614349      -5.32783019E-13
   79.4014359      -8.35871650E-12
   79.4414368      -1.60147590E-11
   79.4814377      -2.34920555E-11
   79.5214386      -3.07822205E-11
   79.5614395      -3.78773297E-11
   79.6014404      -4.47699308E-11
   79.6414413      -5.14530502E-11
   79.6814423      -5.79201825E-11
   79.7214432      -6.41652981E-11
   79.7614441      -7.01828456E-11
   79.8014450      -7.59677529E-11
   79.8414459      -8.15154125E-11
   79.8814468      -8.68216957E-11
   79.9214478      -9.18829388E-11
   79.9614487      -9.66959429E-11
   80.0014496      -1.01257974E-10
