   3.99999991E-02   9.98615995E-02
   7.99999982E-02   9.96090993E-02
  0.119999997       9.92664695E-02
  0.159999996       9.88572985E-02
  0.199999988       9.84047502E-02
  0.239999980       9.79315117E-02
  0.279999971       9.74597633E-02
  0.319999963       9.70111340E-02
  0.359999955       9.66066644E-02
  0.399999946       9.62667689E-02
  0.439999938       9.60111991E-02
  0.479999930       9.58590135E-02
  0.519999921       9.58285406E-02
  0.559999943       9.59373638E-02
  0.599999964       9.62022841E-02
  0.639999986       9.66392905E-02
  0.680000007       9.72635448E-02
  0.720000029       9.80893597E-02
  0.760000050       9.91301835E-02
  0.800000072      0.100398563    
  0.840000093      0.101906158    
  0.880000114      0.103663705    
  0.920000136      0.105681017    
  0.960000157      0.107966959    
   1.00000012      0.110529467    
   1.04000008      0.113375522    
   1.08000004      0.116511151    
   1.12000000      0.119941428    
   1.15999997      0.123670474    
   1.19999993      0.127701461    
   1.23999989      0.132036597    
   1.27999985      0.136677161    
   1.31999981      0.141623512    
   1.35999978      0.146875054    
   1.39999974      0.152430296    
   1.43999970      0.158286840    
   1.47999966      0.164441407    
   1.51999962      0.170889840    
   1.55999959      0.177627131    
   1.59999955      0.184647441    
   1.63999951      0.191944122    
   1.67999947      0.199509710    
   1.71999943      0.207336009    
   1.75999939      0.215414047    
   1.79999936      0.223734155    
   1.83999932      0.232285962    
   1.87999928      0.241058439    
   1.91999924      0.250039905    
   1.95999920      0.259218097    
   1.99999917      0.268580139    
   2.03999925      0.278112650    
   2.07999921      0.287801743    
   2.11999917      0.297632992    
   2.15999913      0.307591558    
   2.19999909      0.317662209    
   2.23999906      0.327829301    
   2.27999902      0.338076830    
   2.31999898      0.348388493    
   2.35999894      0.358747721    
   2.39999890      0.369137645    
   2.43999887      0.379541218    
   2.47999883      0.389941216    
   2.51999879      0.400320232    
   2.55999875      0.410660744    
   2.59999871      0.420945168    
   2.63999867      0.431155831    
   2.67999864      0.441275030    
   2.71999860      0.451285094    
   2.75999856      0.461168349    
   2.79999852      0.470907182    
   2.83999848      0.480484068    
   2.87999845      0.489881605    
   2.91999841      0.499082506    
   2.95999837      0.508069634    
   2.99999833      0.516826093    
   3.03999829      0.525335133    
   3.07999825      0.533580244    
   3.11999822      0.541545153    
   3.15999818      0.549213886    
   3.19999814      0.556570768    
   3.23999810      0.563600361    
   3.27999806      0.570287585    
   3.31999803      0.576617777    
   3.35999799      0.582576513    
   3.39999795      0.588149786    
   3.43999791      0.593323946    
   3.47999787      0.598085821    
   3.51999784      0.602422595    
   3.55999780      0.606321931    
   3.59999776      0.609771907    
   3.63999772      0.612761021    
   3.67999768      0.615278304    
   3.71999764      0.617313266    
   3.75999761      0.618855834    
   3.79999757      0.619896591    
   3.83999753      0.620426476    
   3.87999749      0.620437026    
   3.91999745      0.619920373    
   3.95999742      0.618869185    
   3.99999738      0.617276669    
   4.03999758      0.615136564    
   4.07999754      0.612443328    
   4.11999750      0.609191954    
   4.15999746      0.605378091    
   4.19999743      0.600997984    
   4.23999739      0.596048534    
   4.27999735      0.590527296    
   4.31999731      0.584432483    
   4.35999727      0.577763021    
   4.39999723      0.570518553    
   4.43999720      0.562699318    
   4.47999716      0.554306388    
   4.51999712      0.545341432    
   4.55999708      0.535807014    
   4.59999704      0.525706291    
   4.63999701      0.515043259    
   4.67999697      0.503822625    
   4.71999693      0.492049932    
   4.75999689      0.479731411    
   4.79999685      0.466874093    
   4.83999681      0.453485787    
   4.87999678      0.439575076    
   4.91999674      0.425151318    
   4.95999670      0.410224646    
   4.99999666      0.394805938    
   5.03999662      0.378906846    
   5.07999659      0.362539798    
   5.11999655      0.345717937    
   5.15999651      0.328455120    
   5.19999647      0.310765922    
   5.23999643      0.292665631    
   5.27999640      0.274170160    
   5.31999636      0.255296141    
   5.35999632      0.236060798    
   5.39999628      0.216481939    
   5.43999624      0.196577966    
   5.47999620      0.176367819    
   5.51999617      0.155870929    
   5.55999613      0.135107219    
   5.59999609      0.114097014    
   5.63999605       9.28610712E-02
   5.67999601       7.14204758E-02
   5.71999598       4.97966334E-02
   5.75999594       2.80112270E-02
   5.79999590       6.08616509E-03
   5.83999586      -1.59564614E-02
   5.87999582      -3.80944237E-02
   5.91999578      -6.03053942E-02
   5.95999575      -8.25669989E-02
   5.99999571     -0.104856856    
   6.03999567     -0.127152622    
   6.07999563     -0.149432033    
   6.11999559     -0.171672940    
   6.15999556     -0.193853378    
   6.19999552     -0.215951562    
   6.23999548     -0.237945959    
   6.27999544     -0.259815305    
   6.31999540     -0.281538635    
   6.35999537     -0.303095371    
   6.39999533     -0.324465245    
   6.43999529     -0.345628411    
   6.47999525     -0.366565466    
   6.51999521     -0.387257397    
   6.55999517     -0.407685697    
   6.59999514     -0.427832335    
   6.63999510     -0.447679788    
   6.67999506     -0.467210978    
   6.71999502     -0.486409426    
   6.75999498     -0.505259097    
   6.79999495     -0.523744524    
   6.83999491     -0.541850746    
   6.87999487     -0.559563398    
   6.91999483     -0.576868594    
   6.95999479     -0.593752921    
   6.99999475     -0.610203564    
   7.03999472     -0.626208186    
   7.07999468     -0.641754985    
   7.11999464     -0.656832635    
   7.15999460     -0.671430230    
   7.19999456     -0.685537457    
   7.23999453     -0.699144363    
   7.27999449     -0.712241530    
   7.31999445     -0.724819899    
   7.35999441     -0.736870825    
   7.39999437     -0.748386145    
   7.43999434     -0.759357989    
   7.47999430     -0.769778967    
   7.51999426     -0.779642045    
   7.55999422     -0.788940430    
   7.59999418     -0.797667801    
   7.63999414     -0.805818141    
   7.67999411     -0.813385665    
   7.71999407     -0.820365012    
   7.75999403     -0.826751053    
   7.79999399     -0.832538962    
   7.83999395     -0.837724209    
   7.87999392     -0.842302501    
   7.91999388     -0.846269906    
   7.95999384     -0.849622726    
   7.99999380     -0.852357507    
   8.03999424     -0.854471028    
   8.07999420     -0.855960488    
   8.11999416     -0.856823206    
   8.15999413     -0.857056856    
   8.19999409     -0.856659412    
   8.23999405     -0.855629027    
   8.27999401     -0.853964269    
   8.31999397     -0.851663947    
   8.35999393     -0.848727226    
   8.39999390     -0.845153511    
   8.43999386     -0.840942681    
   8.47999382     -0.836094856    
   8.51999378     -0.830610514    
   8.55999374     -0.824490607    
   8.59999371     -0.817736447    
   8.63999367     -0.810349703    
   8.67999363     -0.802332580    
   8.71999359     -0.793687642    
   8.75999355     -0.784417927    
   8.79999352     -0.774527013    
   8.83999348     -0.764018953    
   8.87999344     -0.752898335    
   8.91999340     -0.741170287    
   8.95999336     -0.728840470    
   8.99999332     -0.715915203    
   9.03999329     -0.702401280    
   9.07999325     -0.688306212    
   9.11999321     -0.673638165    
   9.15999317     -0.658405781    
   9.19999313     -0.642618537    
   9.23999310     -0.626286447    
   9.27999306     -0.609420300    
   9.31999302     -0.592031479    
   9.35999298     -0.574132085    
   9.39999294     -0.555734932    
   9.43999290     -0.536853492    
   9.47999287     -0.517501950    
   9.51999283     -0.497695148    
   9.55999279     -0.477448612    
   9.59999275     -0.456778556    
   9.63999271     -0.435701817    
   9.67999268     -0.414235860    
   9.71999264     -0.392398804    
   9.75999260     -0.370209336    
   9.79999256     -0.347686738    
   9.83999252     -0.324850798    
   9.87999249     -0.301721841    
   9.91999245     -0.278320640    
   9.95999241     -0.254668444    
   9.99999237     -0.230786905    
   10.0399923     -0.206698015    
   10.0799923     -0.182424098    
   10.1199923     -0.157987744    
   10.1599922     -0.133411780    
   10.1999922     -0.108719215    
   10.2399921      -8.39332044E-02
   10.2799921      -5.90769723E-02
   10.3199921      -3.41737904E-02
   10.3599920      -9.24691372E-03
   10.3999920       1.56804640E-02
   10.4399920       4.05852571E-02
   10.4799919       6.54445365E-02
   10.5199919       9.02355760E-02
   10.5599918      0.114935897    
   10.5999918      0.139523312    
   10.6399918      0.163975984    
   10.6799917      0.188272417    
   10.7199917      0.212391555    
   10.7599916      0.236312762    
   10.7999916      0.260015875    
   10.8399916      0.283481270    
   10.8799915      0.306689799    
   10.9199915      0.329622924    
   10.9599915      0.352262616    
   10.9999914      0.374591470    
   11.0399914      0.396592677    
   11.0799913      0.418250054    
   11.1199913      0.439547986    
   11.1599913      0.460471541    
   11.1999912      0.481006384    
   11.2399912      0.501138806    
   11.2799911      0.520855665    
   11.3199911      0.540144503    
   11.3599911      0.558993459    
   11.3999910      0.577391267    
   11.4399910      0.595327139    
   11.4799910      0.612791002    
   11.5199909      0.629773259    
   11.5599909      0.646264911    
   11.5999908      0.662257373    
   11.6399908      0.677742600    
   11.6799908      0.692713082    
   11.7199907      0.707161665    
   11.7599907      0.721081734    
   11.7999907      0.734467030    
   11.8399906      0.747311652    
   11.8799906      0.759610176    
   11.9199905      0.771357477    
   11.9599905      0.782548785    
   11.9999905      0.793179572    
   12.0399904      0.803245723    
   12.0799904      0.812743306    
   12.1199903      0.821668744    
   12.1599903      0.830018640    
   12.1999903      0.837789774    
   12.2399902      0.844979286    
   12.2799902      0.851584375    
   12.3199902      0.857602537    
   12.3599901      0.863031447    
   12.3999901      0.867868900    
   12.4399900      0.872112930    
   12.4799900      0.875761628    
   12.5199900      0.878813386    
   12.5599899      0.881266654    
   12.5999899      0.883120060    
   12.6399899      0.884372413    
   12.6799898      0.885022640    
   12.7199898      0.885069847    
   12.7599897      0.884513378    
   12.7999897      0.883352637    
   12.8399897      0.881587267    
   12.8799896      0.879217148    
   12.9199896      0.876242280    
   12.9599895      0.872662902    
   12.9999895      0.868479431    
   13.0399895      0.863692641    
   13.0799894      0.858303487    
   13.1199894      0.852313221    
   13.1599894      0.845723331    
   13.1999893      0.838535666    
   13.2399893      0.830752373    
   13.2799892      0.822375894    
   13.3199892      0.813409090    
   13.3599892      0.803855240    
   13.3999891      0.793717921    
   13.4399891      0.783001184    
   13.4799891      0.771709502    
   13.5199890      0.759847820    
   13.5599890      0.747421563    
   13.5999889      0.734436631    
   13.6399889      0.720899463    
   13.6799889      0.706817031    
   13.7199888      0.692196786    
   13.7599888      0.677046835    
   13.7999887      0.661375821    
   13.8399887      0.645192921    
   13.8799887      0.628508031    
   13.9199886      0.611331582    
   13.9599886      0.593674600    
   13.9999886      0.575548708    
   14.0399885      0.556966305    
   14.0799885      0.537940204    
   14.1199884      0.518483996    
   14.1599884      0.498611838    
   14.1999884      0.478338510    
   14.2399883      0.457679361    
   14.2799883      0.436650336    
   14.3199883      0.415267974    
   14.3599882      0.393549353    
   14.3999882      0.371512115    
   14.4399881      0.349174351    
   14.4799881      0.326554716    
   14.5199881      0.303672254    
   14.5599880      0.280546457    
   14.5999880      0.257197231    
   14.6399879      0.233644813    
   14.6799879      0.209909767    
   14.7199879      0.186012954    
   14.7599878      0.161975458    
   14.7999878      0.137818560    
   14.8399878      0.113563716    
   14.8799877       8.92324746E-02
   14.9199877       6.48464635E-02
   14.9599876       4.04273309E-02
   14.9999876       1.59966983E-02
   15.0399876      -8.42387229E-03
   15.0799875      -3.28129344E-02
   15.1199875      -5.71491867E-02
   15.1599874      -8.14115331E-02
   15.1999874     -0.105579108    
   15.2399874     -0.129631311    
   15.2799873     -0.153547868    
   15.3199873     -0.177308857    
   15.3599873     -0.200894713    
   15.3999872     -0.224286288    
   15.4399872     -0.247464895    
   15.4799871     -0.270412296    
   15.5199871     -0.293110728    
   15.5599871     -0.315542966    
   15.5999870     -0.337692291    
   15.6399870     -0.359542519    
   15.6799870     -0.381078035    
   15.7199869     -0.402283758    
   15.7599869     -0.423145205    
   15.7999868     -0.443648458    
   15.8399868     -0.463780165    
   15.8799868     -0.483527571    
   15.9199867     -0.502878428    
   15.9599867     -0.521821141    
   15.9999866     -0.540344536    
   16.0399876     -0.558438122    
   16.0799885     -0.576091886    
   16.1199894     -0.593296289    
   16.1599903     -0.610042393    
   16.1999912     -0.626321673    
   16.2399921     -0.642126143    
   16.2799931     -0.657448173    
   16.3199940     -0.672280669    
   16.3599949     -0.686616898    
   16.3999958     -0.700450599    
   16.4399967     -0.713775814    
   16.4799976     -0.726586998    
   16.5199986     -0.738878906    
   16.5599995     -0.750646651    
   16.6000004     -0.761885643    
   16.6400013     -0.772591591    
   16.6800022     -0.782760441    
   16.7200031     -0.792388380    
   16.7600040     -0.801471949    
   16.8000050     -0.810007751    
   16.8400059     -0.817992687    
   16.8800068     -0.825423896    
   16.9200077     -0.832298577    
   16.9600086     -0.838614166    
   17.0000095     -0.844368339    
   17.0400105     -0.849558771    
   17.0800114     -0.854183435    
   17.1200123     -0.858240306    
   17.1600132     -0.861727655    
   17.2000141     -0.864643753    
   17.2400150     -0.866987050    
   17.2800159     -0.868756175    
   17.3200169     -0.869949818    
   17.3600178     -0.870566845    
   17.4000187     -0.870606303    
   17.4400196     -0.870067298    
   17.4800205     -0.868949175    
   17.5200214     -0.867251396    
   17.5600224     -0.864973545    
   17.6000233     -0.862115502    
   17.6400242     -0.858677268    
   17.6800251     -0.854659081    
   17.7200260     -0.850061417    
   17.7600269     -0.844884872    
   17.8000278     -0.839130402    
   17.8400288     -0.832799196    
   17.8800297     -0.825892746    
   17.9200306     -0.818412781    
   17.9600315     -0.810361445    
   18.0000324     -0.801741064    
   18.0400333     -0.792554498    
   18.0800343     -0.782804847    
   18.1200352     -0.772495687    
   18.1600361     -0.761630952    
   18.2000370     -0.750215054    
   18.2400379     -0.738252759    
   18.2800388     -0.725749433    
   18.3200397     -0.712710857    
   18.3600407     -0.699143291    
   18.4000416     -0.685053527    
   18.4400425     -0.670448899    
   18.4800434     -0.655337334    
   18.5200443     -0.639727235    
   18.5600452     -0.623627603    
   18.6000462     -0.607048035    
   18.6400471     -0.589998722    
   18.6800480     -0.572490454    
   18.7200489     -0.554534554    
   18.7600498     -0.536143005    
   18.8000507     -0.517328322    
   18.8400517     -0.498103738    
   18.8800526     -0.478482962    
   18.9200535     -0.458480299    
   18.9600544     -0.438110679    
   19.0000553     -0.417389542    
   19.0400562     -0.396332890    
   19.0800571     -0.374957263    
   19.1200581     -0.353279680    
   19.1600590     -0.331317663    
   19.2000599     -0.309089184    
   19.2400608     -0.286612630    
   19.2800617     -0.263906807    
   19.3200626     -0.240990892    
   19.3600636     -0.217884392    
   19.4000645     -0.194607094    
   19.4400654     -0.171179056    
   19.4800663     -0.147620559    
   19.5200672     -0.123952083    
   19.5600681     -0.100194231    
   19.6000690      -7.63677061E-02
   19.6400700      -5.24932742E-02
   19.6800709      -2.85917241E-02
   19.7200718      -4.68381122E-03
   19.7600727       1.92097761E-02
   19.8000736       4.30684537E-02
   19.8400745       6.68717846E-02
   19.8800755       9.05995220E-02
   19.9200764      0.114231646    
   19.9600773      0.137748390    
   20.0000782      0.161130294    
   20.0400791      0.184358224    
   20.0800800      0.207413405    
   20.1200809      0.230277434    
   20.1600819      0.252932340    
   20.2000828      0.275360614    
   20.2400837      0.297545165    
   20.2800846      0.319469392    
   20.3200855      0.341117173    
   20.3600864      0.362472951    
   20.4000874      0.383521616    
   20.4400883      0.404248625    
   20.4800892      0.424639970    
   20.5200901      0.444682181    
   20.5600910      0.464362293    
   20.6000919      0.483667910    
   20.6400928      0.502587140    
   20.6800938      0.521108687    
   20.7200947      0.539221704    
   20.7600956      0.556915820    
   20.8000965      0.574181259    
   20.8400974      0.591008723    
   20.8800983      0.607389331    
   20.9200993      0.623314738    
   20.9601002      0.638776958    
   21.0001011      0.653768480    
   21.0401020      0.668282211    
   21.0801029      0.682311416    
   21.1201038      0.695849836    
   21.1601048      0.708891451    
   21.2001057      0.721430600    
   21.2401066      0.733462036    
   21.2801075      0.744980752    
   21.3201084      0.755982041    
   21.3601093      0.766461492    
   21.4001102      0.776414871    
   21.4401112      0.785838246    
   21.4801121      0.794727981    
   21.5201130      0.803080499    
   21.5601139      0.810892582    
   21.6001148      0.818161070    
   21.6401157      0.824883044    
   21.6801167      0.831055760    
   21.7201176      0.836676657    
   21.7601185      0.841743231    
   21.8001194      0.846253157    
   21.8401203      0.850204349    
   21.8801212      0.853594720    
   21.9201221      0.856422424    
   21.9601231      0.858685732    
   22.0001240      0.860383034    
   22.0401249      0.861512840    
   22.0801258      0.862073779    
   22.1201267      0.862064719    
   22.1601276      0.861484587    
   22.2001286      0.860332489    
   22.2401295      0.858607769    
   22.2801304      0.856309831    
   22.3201313      0.853438377    
   22.3601322      0.849993229    
   22.4001331      0.845974445    
   22.4401340      0.841382325    
   22.4801350      0.836217344    
   22.5201359      0.830480337    
   22.5601368      0.824172318    
   22.6001377      0.817294598    
   22.6401386      0.809848785    
   22.6801395      0.801836908    
   22.7201405      0.793261170    
   22.7601414      0.784124255    
   22.8001423      0.774429202    
   22.8401432      0.764179468    
   22.8801441      0.753378808    
   22.9201450      0.742031574    
   22.9601460      0.730142415    
   23.0001469      0.717716515    
   23.0401478      0.704759598    
   23.0801487      0.691277802    
   23.1201496      0.677277863    
   23.1601505      0.662766933    
   23.2001514      0.647752881    
   23.2401524      0.632243931    
   23.2801533      0.616249084    
   23.3201542      0.599777758    
   23.3601551      0.582839966    
   23.4001560      0.565446436    
   23.4401569      0.547608376    
   23.4801579      0.529337645    
   23.5201588      0.510646641    
   23.5601597      0.491548419    
   23.6001606      0.472056597    
   23.6401615      0.452185363    
   23.6801624      0.431949466    
   23.7201633      0.411364228    
   23.7601643      0.390445501    
   23.8001652      0.369209677    
   23.8401661      0.347673625    
   23.8801670      0.325854689    
   23.9201679      0.303770691    
   23.9601688      0.281439900    
   24.0001698      0.258880913    
   24.0401707      0.236112744    
   24.0801716      0.213154733    
   24.1201725      0.190026507    
   24.1601734      0.166747957    
   24.2001743      0.143339202    
   24.2401752      0.119820535    
   24.2801762       9.62123945E-02
   24.3201771       7.25353211E-02
   24.3601780       4.88099195E-02
   24.4001789       2.50568036E-02
   24.4401798       1.29657052E-03
   24.4801807      -2.24502441E-02
   24.5201817      -4.61632125E-02
   24.5601826      -6.98220506E-02
   24.6001835      -9.34066474E-02
   24.6401844     -0.116897129    
   24.6801853     -0.140273869    
   24.7201862     -0.163517520    
   24.7601871     -0.186609060    
   24.8001881     -0.209529847    
   24.8401890     -0.232261583    
   24.8801899     -0.254786402    
   24.9201908     -0.277086854    
   24.9601917     -0.299145937    
   25.0001926     -0.320947140    
   25.0401936     -0.342474401    
   25.0801945     -0.363712192    
   25.1201954     -0.384645492    
   25.1601963     -0.405259788    
   25.2001972     -0.425541103    
   25.2401981     -0.445475966    
   25.2801991     -0.465051442    
   25.3202000     -0.484255135    
   25.3602009     -0.503075182    
   25.4002018     -0.521500230    
   25.4402027     -0.539519429    
   25.4802036     -0.557122409    
   25.5202045     -0.574299335    
   25.5602055     -0.591040850    
   25.6002064     -0.607338071    
   25.6402073     -0.623182595    
   25.6802082     -0.638566375    
   25.7202091     -0.653481841    
   25.7602100     -0.667921841    
   25.8002110     -0.681879640    
   25.8402119     -0.695348799    
   25.8802128     -0.708323240    
   25.9202137     -0.720797300    
   25.9602146     -0.732765615    
   26.0002155     -0.744223058    
   26.0402164     -0.755164862    
   26.0802174     -0.765586495    
   26.1202183     -0.775483727    
   26.1602192     -0.784852505    
   26.2002201     -0.793689072    
   26.2402210     -0.801989794    
   26.2802219     -0.809751332    
   26.3202229     -0.816970468    
   26.3602238     -0.823644221    
   26.4002247     -0.829769731    
   26.4402256     -0.835344315    
   26.4802265     -0.840365469    
   26.5202274     -0.844830751    
   26.5602283     -0.848738015    
   26.6002293     -0.852085114    
   26.6402302     -0.854870081    
   26.6802311     -0.857091129    
   26.7202320     -0.858746588    
   26.7602329     -0.859834909    
   26.8002338     -0.860354662    
   26.8402348     -0.860304654    
   26.8802357     -0.859683812    
   26.9202366     -0.858491182    
   26.9602375     -0.856725991    
   27.0002384     -0.854387701    
   27.0402393     -0.851475894    
   27.0802402     -0.847990394    
   27.1202412     -0.843931198    
   27.1602421     -0.839298606    
   27.2002430     -0.834093153    
   27.2402439     -0.828315556    
   27.2802448     -0.821966827    
   27.3202457     -0.815048337    
   27.3602467     -0.807561696    
   27.4002476     -0.799508870    
   27.4402485     -0.790892124    
   27.4802494     -0.781714141    
   27.5202503     -0.771977961    
   27.5602512     -0.761687040    
   27.6002522     -0.750845253    
   27.6402531     -0.739456832    
   27.6802540     -0.727526605    
   27.7202549     -0.715059757    
   27.7602558     -0.702062011    
   27.8002567     -0.688539624    
   27.8402576     -0.674499273    
   27.8802586     -0.659948289    
   27.9202595     -0.644894481    
   27.9602604     -0.629346251    
   28.0002613     -0.613312542    
   28.0402622     -0.596802950    
   28.0802631     -0.579827547    
   28.1202641     -0.562397063    
   28.1602650     -0.544522822    
   28.2002659     -0.526216686    
   28.2402668     -0.507491231    
   28.2802677     -0.488359541    
   28.3202686     -0.468835294    
   28.3602695     -0.448932767    
   28.4002705     -0.428666800    
   28.4402714     -0.408052772    
   28.4802723     -0.387106597    
   28.5202732     -0.365844756    
   28.5602741     -0.344284177    
   28.6002750     -0.322442293    
   28.6402760     -0.300336987    
   28.6802769     -0.277986556    
   28.7202778     -0.255409718    
   28.7602787     -0.232625514    
   28.8002796     -0.209653348    
   28.8402805     -0.186512887    
   28.8802814     -0.163224086    
   28.9202824     -0.139807105    
   28.9602833     -0.116282269    
   29.0002842      -9.26700532E-02
   29.0402851      -6.89910278E-02
   29.0802860      -4.52658236E-02
   29.1202869      -2.15150807E-02
   29.1602879       2.24058516E-03
   29.2002888       2.59806309E-02
   29.2402897       4.96846177E-02
   29.2802906       7.33322576E-02
   29.3202915       9.69034433E-02
   29.3602924      0.120378308    
   29.4002934      0.143737227    
   29.4402943      0.166960865    
   29.4802952      0.190030232    
   29.5202961      0.212926686    
   29.5602970      0.235631973    
   29.6002979      0.258128226    
   29.6402988      0.280398071    
   29.6802998      0.302424520    
   29.7203007      0.324191064    
   29.7603016      0.345681727    
   29.8003025      0.366880983    
   29.8403034      0.387773871    
   29.8803043      0.408345908    
   29.9203053      0.428583145    
   29.9603062      0.448472172    
   30.0003071      0.468000114    
   30.0403080      0.487154573    
   30.0803089      0.505923748    
   30.1203098      0.524296343    
   30.1603107      0.542261541    
   30.2003117      0.559809029    
   30.2403126      0.576929033    
   30.2803135      0.593612194    
   30.3203144      0.609849632    
   30.3603153      0.625633001    
   30.4003162      0.640954316    
   30.4403172      0.655806065    
   30.4803181      0.670181096    
   30.5203190      0.684072673    
   30.5603199      0.697474420    
   30.6003208      0.710380316    
   30.6403217      0.722784638    
   30.6803226      0.734682083    
   30.7203236      0.746067584    
   30.7603245      0.756936371    
   30.8003254      0.767283976    
   30.8403263      0.777106106    
   30.8803272      0.786398768    
   30.9203281      0.795158207    
   30.9603291      0.803380847    
   31.0003300      0.811063290    
   31.0403309      0.818202376    
   31.0803318      0.824795127    
   31.1203327      0.830838680    
   31.1603336      0.836330414    
   31.2003345      0.841267765    
   31.2403355      0.845648348    
   31.2803364      0.849470019    
   31.3203373      0.852730632    
   31.3603382      0.855428278    
   31.4003391      0.857561111    
   31.4403400      0.859127522    
   31.4803410      0.860125959    
   31.5203419      0.860555053    
   31.5603428      0.860413611    
   31.6003437      0.859700561    
   31.6403446      0.858415008    
   31.6803455      0.856556177    
   31.7203465      0.854123533    
   31.7603474      0.851116776    
   31.8003483      0.847535729    
   31.8403492      0.843380451    
   31.8803501      0.838651240    
   31.9203510      0.833348632    
   31.9603519      0.827473402    
   32.0003510      0.821026683    
   32.0403519      0.814009845    
   32.0803528      0.806424618    
   32.1203537      0.798272967    
   32.1603546      0.789557278    
   32.2003555      0.780280232    
   32.2403564      0.770444989    
   32.2803574      0.760055125    
   32.3203583      0.749114513    
   32.3603592      0.737627566    
   32.4003601      0.725599110    
   32.4403610      0.713034451    
   32.4803619      0.699939430    
   32.5203629      0.686320364    
   32.5603638      0.672184110    
   32.6003647      0.657538056    
   32.6403656      0.642390132    
   32.6803665      0.626748860    
   32.7203674      0.610623240    
   32.7603683      0.594022989    
   32.8003693      0.576958358    
   32.8403702      0.559440196    
   32.8803711      0.541479945    
   32.9203720      0.523089588    
   32.9603729      0.504281819    
   33.0003738      0.485069811    
   33.0403748      0.465467393    
   33.0803757      0.445488960    
   33.1203766      0.425149441    
   33.1603775      0.404464364    
   33.2003784      0.383449793    
   33.2403793      0.362122267    
   33.2803802      0.340498835    
   33.3203812      0.318597049    
   33.3603821      0.296434879    
   33.4003830      0.274030745    
   33.4403839      0.251403421    
   33.4803848      0.228572056    
   33.5203857      0.205556110    
   33.5603867      0.182375357    
   33.6003876      0.159049779    
   33.6403885      0.135599613    
   33.6803894      0.112045236    
   33.7203903       8.84071738E-02
   33.7603912       6.47060275E-02
   33.8003922       4.09624502E-02
   33.8403931       1.71971060E-02
   33.8803940      -6.56937808E-03
   33.9203949      -3.03164497E-02
   33.9603958      -5.40236719E-02
   34.0003967      -7.76707679E-02
   34.0403976     -0.101237655    
   34.0803986     -0.124704473    
   34.1203995     -0.148051634    
   34.1604004     -0.171259865    
   34.2004013     -0.194310203    
   34.2404022     -0.217184052    
   34.2804031     -0.239863217    
   34.3204041     -0.262329906    
   34.3604050     -0.284566760    
   34.4004059     -0.306556910    
   34.4404068     -0.328283936    
   34.4804077     -0.349731892    
   34.5204086     -0.370885372    
   34.5604095     -0.391729474    
   34.6004105     -0.412249804    
   34.6404114     -0.432432532    
   34.6804123     -0.452264309    
   34.7204132     -0.471732318    
   34.7604141     -0.490824342    
   34.8004150     -0.509528577    
   34.8404160     -0.527833879    
   34.8804169     -0.545729458    
   34.9204178     -0.563205123    
   34.9604187     -0.580251217    
   35.0004196     -0.596858442    
   35.0404205     -0.613018036    
   35.0804214     -0.628721654    
   35.1204224     -0.643961430    
   35.1604233     -0.658729911    
   35.2004242     -0.673020065    
   35.2404251     -0.686825156    
   35.2804260     -0.700138927    
   35.3204269     -0.712955415    
   35.3604279     -0.725269020    
   35.4004288     -0.737074435    
   35.4404297     -0.748366654    
   35.4804306     -0.759140968    
   35.5204315     -0.769392908    
   35.5604324     -0.779118299    
   35.6004333     -0.788313150    
   35.6404343     -0.796973765    
   35.6804352     -0.805096626    
   35.7204361     -0.812678337    
   35.7604370     -0.819715858    
   35.8004379     -0.826206148    
   35.8404388     -0.832146466    
   35.8804398     -0.837534130    
   35.9204407     -0.842366695    
   35.9604416     -0.846641779    
   36.0004425     -0.850357234    
   36.0404434     -0.853511035    
   36.0804443     -0.856101215    
   36.1204453     -0.858126044    
   36.1604462     -0.859583855    
   36.2004471     -0.860473216    
   36.2404480     -0.860792696    
   36.2804489     -0.860541224    
   36.3204498     -0.859717667    
   36.3604507     -0.858321249    
   36.4004517     -0.856351197    
   36.4404526     -0.853807032    
   36.4804535     -0.850688457    
   36.5204544     -0.846995413    
   36.5604553     -0.842727959    
   36.6004562     -0.837886453    
   36.6404572     -0.832471490    
   36.6804581     -0.826483965    
   36.7204590     -0.819924951    
   36.7604599     -0.812795937    
   36.8004608     -0.805098712    
   36.8404617     -0.796835303    
   36.8804626     -0.788008213    
   36.9204636     -0.778620183    
   36.9604645     -0.768674433    
   37.0004654     -0.758174598    
   37.0404663     -0.747124672    
   37.0804672     -0.735529184    
   37.1204681     -0.723393023    
   37.1604691     -0.710721612    
   37.2004700     -0.697520912    
   37.2404709     -0.683797300    
   37.2804718     -0.669557750    
   37.3204727     -0.654809773    
   37.3604736     -0.639561415    
   37.4004745     -0.623821318    
   37.4404755     -0.607598603    
   37.4804764     -0.590903103    
   37.5204773     -0.573745191    
   37.5604782     -0.556135774    
   37.6004791     -0.538086474    
   37.6404800     -0.519609392    
   37.6804810     -0.500717342    
   37.7204819     -0.481423646    
   37.7604828     -0.461742222    
   37.8004837     -0.441687584    
   37.8404846     -0.421274781    
   37.8804855     -0.400519460    
   37.9204865     -0.379437745    
   37.9604874     -0.358046323    
   38.0004883     -0.336362362    
   38.0404892     -0.314403474    
   38.0804901     -0.292187750    
   38.1204910     -0.269733667    
   38.1604919     -0.247060075    
   38.2004929     -0.224186212    
   38.2404938     -0.201131612    
   38.2804947     -0.177916080    
   38.3204956     -0.154559672    
   38.3604965     -0.131082654    
   38.4004974     -0.107505441    
   38.4404984      -8.38485882E-02
   38.4804993      -6.01327159E-02
   38.5205002      -3.63784917E-02
   38.5605011      -1.26065817E-02
   38.6005020       1.11623928E-02
   38.6405029       3.49078961E-02
   38.6805038       5.86095154E-02
   38.7205048       8.22469965E-02
   38.7605057      0.105800293    
   38.8005066      0.129249603    
   38.8405075      0.152575389    
   38.8805084      0.175758421    
   38.9205093      0.198779806    
   38.9605103      0.221621022    
   39.0005112      0.244263947    
   39.0405121      0.266690880    
   39.0805130      0.288884550    
   39.1205139      0.310828149    
   39.1605148      0.332505345    
   39.2005157      0.353900343    
   39.2405167      0.374997795    
   39.2805176      0.395782888    
   39.3205185      0.416241378    
   39.3605194      0.436359465    
   39.4005203      0.456123948    
   39.4405212      0.475522131    
   39.4805222      0.494541854    
   39.5205231      0.513171494    
   39.5605240      0.531399906    
   39.6005249      0.549216449    
   39.6405258      0.566611052    
   39.6805267      0.583574116    
   39.7205276      0.600096464    
   39.7605286      0.616169393    
   39.8005295      0.631784678    
   39.8405304      0.646934569    
   39.8805313      0.661611617    
   39.9205322      0.675808907    
   39.9605331      0.689519763    
   40.0005341      0.702738047    
   40.0405350      0.715457797    
   40.0805359      0.727673531    
   40.1205368      0.739379942    
   40.1605377      0.750572145    
   40.2005386      0.761245489    
   40.2405396      0.771395564    
   40.2805405      0.781018198    
   40.3205414      0.790109515    
   40.3605423      0.798665762    
   40.4005432      0.806683540    
   40.4405441      0.814159513    
   40.4805450      0.821090579    
   40.5205460      0.827473819    
   40.5605469      0.833306491    
   40.6005478      0.838585973    
   40.6405487      0.843309820    
   40.6805496      0.847475767    
   40.7205505      0.851081610    
   40.7605515      0.854125321    
   40.8005524      0.856605053    
   40.8405533      0.858519018    
   40.8805542      0.859865665    
   40.9205551      0.860643506    
   40.9605560      0.860851288    
   41.0005569      0.860487819    
   41.0405579      0.859552085    
   41.0805588      0.858043253    
   41.1205597      0.855960667    
   41.1605606      0.853303909    
   41.2005615      0.850072682    
   41.2405624      0.846266925    
   41.2805634      0.841886818    
   41.3205643      0.836932719    
   41.3605652      0.831405282    
   41.4005661      0.825305462    
   41.4405670      0.818634450    
   41.4805679      0.811393738    
   41.5205688      0.803585172    
   41.5605698      0.795210838    
   41.6005707      0.786273301    
   41.6405716      0.776775479    
   41.6805725      0.766720593    
   41.7205734      0.756112337    
   41.7605743      0.744954884    
   41.8005753      0.733252764    
   41.8405762      0.721010983    
   41.8805771      0.708235085    
   41.9205780      0.694931090    
   41.9605789      0.681105494    
   42.0005798      0.666765392    
   42.0405807      0.651918411    
   42.0805817      0.636572659    
   42.1205826      0.620736897    
   42.1605835      0.604420424    
   42.2005844      0.587633133    
   42.2405853      0.570385516    
   42.2805862      0.552688599    
   42.3205872      0.534554124    
   42.3605881      0.515994370    
   42.4005890      0.497022152    
   42.4405899      0.477650970    
   42.4805908      0.457894862    
   42.5205917      0.437768430    
   42.5605927      0.417286873    
   42.6005936      0.396465898    
   42.6405945      0.375321746    
   42.6805954      0.353871226    
   42.7205963      0.332131565    
   42.7605972      0.310120463    
   42.8005981      0.287856102    
   42.8405991      0.265357047    
   42.8806000      0.242642224    
   42.9206009      0.219730929    
   42.9606018      0.196642742    
   43.0006027      0.173397526    
   43.0406036      0.150015384    
   43.0806046      0.126516610    
   43.1206055      0.102921665    
   43.1606064       7.92510957E-02
   43.2006073       5.55255488E-02
   43.2406082       3.17656957E-02
   43.2806091       7.99219310E-03
   43.3206100      -1.57743525E-02
   43.3606110      -3.95134240E-02
   43.4006119      -6.32046387E-02
   43.4406128      -8.68277848E-02
   43.4806137     -0.110362850    
   43.5206146     -0.133790076    
   43.5606155     -0.157089993    
   43.6006165     -0.180243433    
   43.6406174     -0.203231573    
   43.6806183     -0.226035982    
   43.7206192     -0.248638600    
   43.7606201     -0.271021813    
   43.8006210     -0.293168426    
   43.8406219     -0.315061748    
   43.8806229     -0.336685538    
   43.9206238     -0.358024091    
   43.9606247     -0.379062146    
   44.0006256     -0.399785042    
   44.0406265     -0.420178562    
   44.0806274     -0.440229088    
   44.1206284     -0.459923476    
   44.1606293     -0.479249150    
   44.2006302     -0.498194039    
   44.2406311     -0.516746640    
   44.2806320     -0.534895897    
   44.3206329     -0.552631259    
   44.3606339     -0.569942772    
   44.4006348     -0.586820900    
   44.4406357     -0.603256583    
   44.4806366     -0.619241238    
   44.5206375     -0.634766698    
   44.5606384     -0.649825275    
   44.6006393     -0.664409637    
   44.6406403     -0.678512871    
   44.6806412     -0.692128479    
   44.7206421     -0.705250323    
   44.7606430     -0.717872560    
   44.8006439     -0.729989707    
   44.8406448     -0.741596580    
   44.8806458     -0.752688289    
   44.9206467     -0.763260245    
   44.9606476     -0.773308098    
   45.0006485     -0.782827735    
   45.0406494     -0.791815341    
   45.0806503     -0.800267220    
   45.1206512     -0.808179975    
   45.1606522     -0.815550327    
   45.2006531     -0.822375178    
   45.2406540     -0.828651667    
   45.2806549     -0.834377050    
   45.3206558     -0.839548767    
   45.3606567     -0.844164431    
   45.4006577     -0.848221719    
   45.4406586     -0.851718545    
   45.4806595     -0.854652882    
   45.5206604     -0.857022882    
   45.5606613     -0.858826816    
   45.6006622     -0.860063136    
   45.6406631     -0.860730410    
   45.6806641     -0.860827386    
   45.7206650     -0.860352874    
   45.7606659     -0.859305978    
   45.8006668     -0.857685864    
   45.8406677     -0.855491936    
   45.8806686     -0.852723718    
   45.9206696     -0.849381030    
   45.9606705     -0.845463872    
   46.0006714     -0.840972424    
   46.0406723     -0.835907102    
   46.0806732     -0.830268621    
   46.1206741     -0.824057996    
   46.1606750     -0.817276418    
   46.2006760     -0.809925497    
   46.2406769     -0.802007079    
   46.2806778     -0.793523431    
   46.3206787     -0.784477115    
   46.3606796     -0.774871111    
   46.4006805     -0.764708757    
   46.4406815     -0.753993809    
   46.4806824     -0.742730498    
   46.5206833     -0.730923474    
   46.5606842     -0.718577862    
   46.6006851     -0.705699265    
   46.6406860     -0.692293763    
   46.6806870     -0.678368032    
   46.7206879     -0.663929224    
   46.7606888     -0.648985088    
   46.8006897     -0.633543849    
   46.8406906     -0.617614388    
   46.8806915     -0.601206064    
   46.9206924     -0.584328890    
   46.9606934     -0.566993535    
   47.0006943     -0.549211144    
   47.0406952     -0.530993521    
   47.0806961     -0.512353003    
   47.1206970     -0.493302643    
   47.1606979     -0.473856002    
   47.2006989     -0.454027206    
   47.2406998     -0.433831006    
   47.2807007     -0.413282663    
   47.3207016     -0.392398030    
   47.3607025     -0.371193439    
   47.4007034     -0.349685788    
   47.4407043     -0.327892393    
   47.4807053     -0.305831075    
   47.5207062     -0.283520043    
   47.5607071     -0.260977954    
   47.6007080     -0.238223806    
   47.6407089     -0.215276957    
   47.6807098     -0.192157045    
   47.7207108     -0.168883979    
   47.7607117     -0.145477906    
   47.8007126     -0.121959157    
   47.8407135      -9.83482003E-02
   47.8807144      -7.46656209E-02
   47.9207153      -5.09320609E-02
   47.9607162      -2.71681920E-02
   48.0007172      -3.39466706E-03
   48.0407181       2.03679204E-02
   48.0807190       4.40990776E-02
   48.1207199       6.77784532E-02
   48.1607208       9.13858712E-02
   48.2007217      0.114901371    
   48.2407227      0.138305247    
   48.2807236      0.161578089    
   48.3207245      0.184700787    
   48.3607254      0.207654595    
   48.4007263      0.230421141    
   48.4407272      0.252982438    
   48.4807281      0.275320977    
   48.5207291      0.297419667    
   48.5607300      0.319261909    
   48.6007309      0.340831548    
   48.6407318      0.362112939    
   48.6807327      0.383090973    
   48.7207336      0.403751045    
   48.7607346      0.424079090    
   48.8007355      0.444061548    
   48.8407364      0.463685423    
   48.8807373      0.482938200    
   48.9207382      0.501807928    
   48.9607391      0.520283163    
   49.0007401      0.538353026    
   49.0407410      0.556007087    
   49.0807419      0.573235393    
   49.1207428      0.590028524    
   49.1607437      0.606377482    
   49.2007446      0.622273803    
   49.2407455      0.637709439    
   49.2807465      0.652676761    
   49.3207474      0.667168498    
   49.3607483      0.681177855    
   49.4007492      0.694698393    
   49.4407501      0.707723975    
   49.4807510      0.720248878    
   49.5207520      0.732267678    
   49.5607529      0.743775249    
   49.6007538      0.754766762    
   49.6407547      0.765237689    
   49.6807556      0.775183678    
   49.7207565      0.784600735    
   49.7607574      0.793485045    
   49.8007584      0.801832974    
   49.8407593      0.809641063    
   49.8807602      0.816906154    
   49.9207611      0.823625207    
   49.9607620      0.829795420    
   50.0007629      0.835413992    
   50.0407639      0.840478480    
   50.0807648      0.844986439    
   50.1207657      0.848935604    
   50.1607666      0.852323890    
   50.2007675      0.855149329    
   50.2407684      0.857410073    
   50.2807693      0.859104514    
   50.3207703      0.860231042    
   50.3607712      0.860788286    
   50.4007721      0.860774934    
   50.4407730      0.860189974    
   50.4807739      0.859032452    
   50.5207748      0.857301593    
   50.5607758      0.854996800    
   50.6007767      0.852117717    
   50.6407776      0.848664105    
   50.6807785      0.844636023    
   50.7207794      0.840033710    
   50.7607803      0.834857702    
   50.8007812      0.829108715    
   50.8407822      0.822787762    
   50.8807831      0.815896153    
   50.9207840      0.808435559    
   50.9607849      0.800407887    
   51.0007858      0.791815460    
   51.0407867      0.782660902    
   51.0807877      0.772947252    
   51.1207886      0.762677968    
   51.1607895      0.751856863    
   51.2007904      0.740488291    
   51.2407913      0.728576958    
   51.2807922      0.716128051    
   51.3207932      0.703147292    
   51.3607941      0.689640939    
   51.4007950      0.675615668    
   51.4407959      0.661078811    
   51.4807968      0.646038115    
   51.5207977      0.630501986    
   51.5607986      0.614479423    
   51.6007996      0.597979903    
   51.6408005      0.581013560    
   51.6808014      0.563591123    
   51.7208023      0.545723855    
   51.7608032      0.527423739    
   51.8008041      0.508703232    
   51.8408051      0.489575416    
   51.8808060      0.470054001    
   51.9208069      0.450153261    
   51.9608078      0.429888010    
   52.0008087      0.409273654    
   52.0408096      0.388326108    
   52.0808105      0.367061824    
   52.1208115      0.345497787    
   52.1608124      0.323651403    
   52.2008133      0.301540583    
   52.2408142      0.279183626    
   52.2808151      0.256599247    
   52.3208160      0.233806536    
   52.3608170      0.210824892    
   52.4008179      0.187674001    
   52.4408188      0.164373845    
   52.4808197      0.140944585    
   52.5208206      0.117406584    
   52.5608215       9.37803388E-02
   52.6008224       7.00864494E-02
   52.6408234       4.63455692E-02
   52.6808243       2.25783698E-02
   52.7208252      -1.19450502E-03
   52.7608261      -2.49524824E-02
   52.8008270      -4.86750901E-02
   52.8408279      -7.23420084E-02
   52.8808289      -9.59331021E-02
   52.9208298     -0.119428456    
   52.9608307     -0.142808408    
   53.0008316     -0.166053608    
   53.0408325     -0.189145029    
   53.0808334     -0.212063983    
   53.1208344     -0.234792173    
   53.1608353     -0.257311732    
   53.2008362     -0.279605180    
   53.2408371     -0.301655531    
   53.2808380     -0.323446274    
   53.3208389     -0.344961375    
   53.3608398     -0.366185278    
   53.4008408     -0.387102962    
   53.4408417     -0.407699943    
   53.4808426     -0.427962244    
   53.5208435     -0.447876424    
   53.5608444     -0.467429549    
   53.6008453     -0.486609250    
   53.6408463     -0.505403638    
   53.6808472     -0.523801386    
   53.7208481     -0.541791737    
   53.7608490     -0.559364319    
   53.8008499     -0.576509297    
   53.8408508     -0.593217313    
   53.8808517     -0.609479547    
   53.9208527     -0.625287533    
   53.9608536     -0.640633345    
   54.0008545     -0.655509353    
   54.0408554     -0.669908464    
   54.0808563     -0.683823943    
   54.1208572     -0.697249353    
   54.1608582     -0.710178733    
   54.2008591     -0.722606361    
   54.2408600     -0.734526873    
   54.2808609     -0.745935202    
   54.3208618     -0.756826580    
   54.3608627     -0.767196476    
   54.4008636     -0.777040720    
   54.4408646     -0.786355257    
   54.4808655     -0.795136273    
   54.5208664     -0.803380251    
   54.5608673     -0.811083794    
   54.6008682     -0.818243742    
   54.6408691     -0.824857116    
   54.6808701     -0.830921054    
   54.7208710     -0.836432874    
   54.7608719     -0.841390133    
   54.8008728     -0.845790386    
   54.8408737     -0.849631429    
   54.8808746     -0.852911234    
   54.9208755     -0.855627835    
   54.9608765     -0.857779443    
   55.0008774     -0.859364390    
   55.0408783     -0.860381126    
   55.0808792     -0.860828340    
   55.1208801     -0.860704780    
   55.1608810     -0.860009372    
   55.2008820     -0.858741224    
   55.2408829     -0.856899619    
   55.2808838     -0.854484022    
   55.3208847     -0.851494074    
   55.3608856     -0.847929597    
   55.4008865     -0.843790710    
   55.4408875     -0.839077652    
   55.4808884     -0.833791018    
   55.5208893     -0.827931583    
   55.5608902     -0.821500421    
   55.6008911     -0.814498901    
   55.6408920     -0.806928694    
   55.6808929     -0.798791885    
   55.7208939     -0.790090740    
   55.7608948     -0.780828059    
   55.8008957     -0.771006942    
   55.8408966     -0.760630906    
   55.8808975     -0.749703825    
   55.9208984     -0.738230109    
   55.9608994     -0.726214647    
   56.0009003     -0.713662684    
   56.0409012     -0.700580060    
   56.0809021     -0.686973035    
   56.1209030     -0.672848523    
   56.1609039     -0.658213854    
   56.2009048     -0.643076897    
   56.2409058     -0.627446234    
   56.2809067     -0.611330867    
   56.3209076     -0.594740510    
   56.3609085     -0.577685356    
   56.4009094     -0.560176194    
   56.4409103     -0.542224467    
   56.4809113     -0.523842216    
   56.5209122     -0.505042076    
   56.5609131     -0.485837251    
   56.6009140     -0.466241539    
   56.6409149     -0.446269304    
   56.6809158     -0.425935477    
   56.7209167     -0.405255586    
   56.7609177     -0.384245634    
   56.8009186     -0.362922192    
   56.8409195     -0.341302335    
   56.8809204     -0.319403559    
   56.9209213     -0.297243834    
   56.9609222     -0.274841547    
   57.0009232     -0.252215505    
   57.0409241     -0.229384840    
   57.0809250     -0.206369013    
   57.1209259     -0.183187783    
   57.1609268     -0.159861162    
   57.2009277     -0.136409357    
   57.2409286     -0.112852760    
   57.2809296      -8.92118886E-02
   57.3209305      -6.55073524E-02
   57.3609314      -4.17598151E-02
   57.4009323      -1.79899428E-02
   57.4409332       5.78162819E-03
   57.4809341       2.95343418E-02
   57.5209351       5.32477535E-02
   57.5609360       7.69015700E-02
   57.6009369      0.100475699    
   57.6409378      0.123950280    
   57.6809387      0.147305712    
   57.7209396      0.170522690    
   57.7609406      0.193582252    
   57.8009415      0.216465786    
   57.8409424      0.239155069    
   57.8809433      0.261632323    
   57.9209442      0.283880144    
   57.9609451      0.305881649    
   58.0009460      0.327620417    
   58.0409470      0.349080503    
   58.0809479      0.370246440    
   58.1209488      0.391103327    
   58.1609497      0.411636770    
   58.2009506      0.431832910    
   58.2409515      0.451678365    
   58.2809525      0.471160352    
   58.3209534      0.490266591    
   58.3609543      0.508985281    
   58.4009552      0.527305245    
   58.4409561      0.545215726    
   58.4809570      0.562706530    
   58.5209579      0.579767883    
   58.5609589      0.596390545    
   58.6009598      0.612565756    
   58.6409607      0.628285170    
   58.6809616      0.643540859    
   58.7209625      0.658325374    
   58.7609634      0.672631681    
   58.8009644      0.686453044    
   58.8409653      0.699783206    
   58.8809662      0.712616146    
   58.9209671      0.724946320    
   58.9609680      0.736768365    
   59.0009689      0.748077273    
   59.0409698      0.758868337    
   59.0809708      0.769137144    
   59.1209717      0.778879464    
   59.1609726      0.788091302    
   59.2009735      0.796768963    
   59.2409744      0.804908872    
   59.2809753      0.812507749    
   59.3209763      0.819562435    
   59.3609772      0.826069951    
   59.4009781      0.832027555    
   59.4409790      0.837432563    
   59.4809799      0.842282474    
   59.5209808      0.846574962    
   59.5609818      0.850307882    
   59.6009827      0.853479147    
   59.6409836      0.856086850    
   59.6809845      0.858129203    
   59.7209854      0.859604597    
   59.7609863      0.860511541    
   59.8009872      0.860848665    
   59.8409882      0.860614836    
   59.8809891      0.859808981    
   59.9209900      0.858430207    
   59.9609909      0.856477857    
   60.0009918      0.853951454    
   60.0409927      0.850850642    
   60.0809937      0.847175300    
   60.1209946      0.842925549    
   60.1609955      0.838101745    
   60.2009964      0.832704484    
   60.2409973      0.826734602    
   60.2809982      0.820193231    
   60.3209991      0.813081801    
   60.3610001      0.805402100    
   60.4010010      0.797156155    
   60.4410019      0.788346410    
   60.4810028      0.778975725    
   60.5210037      0.769047201    
   60.5610046      0.758564472    
   60.6010056      0.747531533    
   60.6410065      0.735952914    
   60.6810074      0.723833442    
   60.7210083      0.711178601    
   60.7610092      0.697994232    
   60.8010101      0.684286773    
   60.8410110      0.670063198    
   60.8810120      0.655330956    
   60.9210129      0.640098035    
   60.9610138      0.624373078    
   61.0010147      0.608165264    
   61.0410156      0.591484368    
   61.0810165      0.574340701    
   61.1210175      0.556745231    
   61.1610184      0.538709462    
   61.2010193      0.520245552    
   61.2410202      0.501366258    
   61.2810211      0.482084900    
   61.3210220      0.462415367    
   61.3610229      0.442372173    
   61.4010239      0.421970338    
   61.4410248      0.401225477    
   61.4810257      0.380153745    
   61.5210266      0.358771771    
   61.5610275      0.337096691    
   61.6010284      0.315146148    
   61.6410294      0.292938173    
   61.6810303      0.270491242    
   61.7210312      0.247824222    
   61.7610321      0.224956304    
   61.8010330      0.201907024    
   61.8410339      0.178696185    
   61.8810349      0.155343831    
   61.9210358      0.131870210    
   61.9610367      0.108295754    
   62.0010376       8.46409947E-02
   62.0410385       6.09265566E-02
   62.0810394       3.71731073E-02
   62.1210403       1.34013072E-02
   62.1610413      -1.03682205E-02
   62.2010422      -3.41149345E-02
   62.2410431      -5.78184202E-02
   62.2810440      -8.14584196E-02
   62.3210449     -0.105014876    
   62.3610458     -0.128467977    
   62.4010468     -0.151798174    
   62.4410477     -0.174986228    
   62.4810486     -0.198013246    
   62.5210495     -0.220860690    
   62.5610504     -0.243510425    
   62.6010513     -0.265944719    
   62.6410522     -0.288146317    
   62.6810532     -0.310098380    
   62.7210541     -0.331784576    
   62.7610550     -0.353189081    
   62.8010559     -0.374296516    
   62.8410568     -0.395092100    
   62.8810577     -0.415561527    
   62.9210587     -0.435690999    
   62.9610596     -0.455467284    
   63.0010605     -0.474877685    
   63.0410614     -0.493910015    
   63.0810623     -0.512552619    
   63.1210632     -0.530794382    
   63.1610641     -0.548624635    
   63.2010651     -0.566033304    
   63.2410660     -0.583010674    
   63.2810669     -0.599547625    
   63.3210678     -0.615635455    
   63.3610687     -0.631265938    
   63.4010696     -0.646431267    
   63.4410706     -0.661124051    
   63.4810715     -0.675337255    
   63.5210724     -0.689064324    
   63.5610733     -0.702298939    
   63.6010742     -0.715035260    
   63.6410751     -0.727267742    
   63.6810760     -0.738991141    
   63.7210770     -0.750200450    
   63.7610779     -0.760891080    
   63.8010788     -0.771058559    
   63.8410797     -0.780698776    
   63.8810806     -0.789807796    
   63.9210815     -0.798381925    
   63.9610825     -0.806417704    
   64.0010834     -0.813911796    
   64.0410843     -0.820861101    
   64.0810852     -0.827262700    
   64.1210861     -0.833113849    
   64.1610870     -0.838411927    
   64.2010880     -0.843154430    
   64.2410889     -0.847339094    
   64.2810898     -0.850963771    
   64.3210907     -0.854026377    
   64.3610916     -0.856525123    
   64.4010925     -0.858458161    
   64.4410934     -0.859823942    
   64.4810944     -0.860621035    
   64.5210953     -0.860848069    
   64.5610962     -0.860503912    
   64.6010971     -0.859587550    
   64.6410980     -0.858098149    
   64.6810989     -0.856035054    
   64.7210999     -0.853397787    
   64.7611008     -0.850186110    
   64.8011017     -0.846399903    
   64.8411026     -0.842039347    
   64.8811035     -0.837104797    
   64.9211044     -0.831596911    
   64.9611053     -0.825516641    
   65.0011063     -0.818865120    
   65.0411072     -0.811643898    
   65.0811081     -0.803854704    
   65.1211090     -0.795499742    
   65.1611099     -0.786581516    
   65.2011108     -0.777102888    
   65.2411118     -0.767067134    
   65.2811127     -0.756477892    
   65.3211136     -0.745339274    
   65.3611145     -0.733655870    
   65.4011154     -0.721432626    
   65.4411163     -0.708675086    
   65.4811172     -0.695389271    
   65.5211182     -0.681581676    
   65.5611191     -0.667259276    
   65.6011200     -0.652429760    
   65.6411209     -0.637101173    
   65.6811218     -0.621282279    
   65.7211227     -0.604982376    
   65.7611237     -0.588211298    
   65.8011246     -0.570979536    
   65.8411255     -0.553298175    
   65.8811264     -0.535178840    
   65.9211273     -0.516633749    
   65.9611282     -0.497675806    
   66.0011292     -0.478318423    
   66.0411301     -0.458575636    
   66.0811310     -0.438462019    
   66.1211319     -0.417992741    
   66.1611328     -0.397183508    
   66.2011337     -0.376050562    
   66.2411346     -0.354610652    
   66.2811356     -0.332881004    
   66.3211365     -0.310879320    
   66.3611374     -0.288623750    
   66.4011383     -0.266132832    
   66.4411392     -0.243425503    
   66.4811401     -0.220521033    
   66.5211411     -0.197439000    
   66.5611420     -0.174199253    
   66.6011429     -0.150821894    
   66.6411438     -0.127327204    
   66.6811447     -0.103735626    
   66.7211456      -8.00677165E-02
   66.7611465      -5.63441142E-02
   66.8011475      -3.25854905E-02
   66.8411484      -8.81250575E-03
   66.8811493       1.49542335E-02
   66.9211502       3.86942029E-02
   66.9611511       6.23870194E-02
   67.0011520       8.60124677E-02
   67.0411530      0.109550528    
   67.0811539      0.132981434    
   67.1211548      0.156285703    
   67.1611557      0.179444164    
   67.2011566      0.202437967    
   67.2411575      0.225248665    
   67.2811584      0.247858196    
   67.3211594      0.270248920    
   67.3611603      0.292403668    
   67.4011612      0.314305693    
   67.4411621      0.335938752    
   67.4811630      0.357287109    
   67.5211639      0.378335506    
   67.5611649      0.399069250    
   67.6011658      0.419474125    
   67.6411667      0.439536452    
   67.6811676      0.459243119    
   67.7211685      0.478581488    
   67.7611694      0.497539520    
   67.8011703      0.516105652    
   67.8411713      0.534268796    
   67.8811722      0.552018464    
   67.9211731      0.569344580    
   67.9611740      0.586237669    
   68.0011749      0.602688611    
   68.0411758      0.618688822    
   68.0811768      0.634230137    
   68.1211777      0.649304807    
   68.1611786      0.663905561    
   68.2011795      0.678025424    
   68.2411804      0.691657901    
   68.2811813      0.704796791    
   68.3211823      0.717436314    
   68.3611832      0.729570925    
   68.4011841      0.741195440    
   68.4411850      0.752304971    
   68.4811859      0.762894928    
   68.5211868      0.772960961    
   68.5611877      0.782498956    
   68.6011887      0.791505039    
   68.6411896      0.799975514    
   68.6811905      0.807906985    
   68.7211914      0.815296173    
   68.7611923      0.822139978    
   68.8011932      0.828435540    
   68.8411942      0.834180117    
   68.8811951      0.839371145    
   68.9211960      0.844006181    
   68.9611969      0.848082900    
   69.0011978      0.851599216    
   69.0411987      0.854553163    
   69.0811996      0.856942832    
   69.1212006      0.858766496    
   69.1612015      0.860022604    
   69.2012024      0.860709727    
   69.2412033      0.860826552    
   69.2812042      0.860372007    
   69.3212051      0.859345078    
   69.3612061      0.857744992    
   69.4012070      0.855571091    
   69.4412079      0.852822959    
   69.4812088      0.849500358    
   69.5212097      0.845603228    
   69.5612106      0.841131806    
   69.6012115      0.836086512    
   69.6412125      0.830468059    
   69.6812134      0.824277401    
   69.7212143      0.817515790    
   69.7612152      0.810184777    
   69.8012161      0.802286208    
   69.8412170      0.793822348    
   69.8812180      0.784795702    
   69.9212189      0.775209248    
   69.9612198      0.765066326    
   70.0012207      0.754370689    
   70.0412216      0.743126512    
   70.0812225      0.731338501    
   70.1212234      0.719011664    
   70.1612244      0.706151664    
   70.2012253      0.692764580    
   70.2412262      0.678857028    
   70.2812271      0.664436162    
   70.3212280      0.649509609    
   70.3612289      0.634085715    
   70.4012299      0.618173242    
   70.4412308      0.601781607    
   70.4812317      0.584920764    
   70.5212326      0.567601323    
   70.5612335      0.549834490    
   70.6012344      0.531631947    
   70.6412354      0.513006151    
   70.6812363      0.493970007    
   70.7212372      0.474537104    
   70.7612381      0.454721540    
   70.8012390      0.434538066    
   70.8412399      0.414001912    
   70.8812408      0.393128902    
   70.9212418      0.371935368    
   70.9612427      0.350438148    
   71.0012436      0.328654587    
   71.0412445      0.306602478    
   71.0812454      0.284299999    
   71.1212463      0.261765808    
   71.1612473      0.239018902    
   71.2012482      0.216078609    
   71.2412491      0.192964569    
   71.2812500      0.169696674    
   71.3212509      0.146295071    
   71.3612518      0.122780062    
   71.4012527       9.91721302E-02
   71.4412537       7.54918531E-02
   71.4812546       5.17598689E-02
   71.5212555       2.79968549E-02
   71.5612564       4.22346219E-03
   71.6012573      -1.95397139E-02
   71.6412582      -4.32721749E-02
   71.6812592      -6.69535622E-02
   71.7212601      -9.05636996E-02
   71.7612610     -0.114082612    
   71.8012619     -0.137490585    
   71.8412628     -0.160768196    
   71.8812637     -0.183896333    
   71.9212646     -0.206856221    
   71.9612656     -0.229629487    
   72.0012665     -0.252198160    
   72.0412674     -0.274544656    
   72.0812683     -0.296651900    
   72.1212692     -0.318503261    
   72.1612701     -0.340082586    
   72.2012711     -0.361374199    
   72.2412720     -0.382362992    
   72.2812729     -0.403034329    
   72.3212738     -0.423374116    
   72.3612747     -0.443368793    
   72.4012756     -0.463005334    
   72.4412766     -0.482271224    
   72.4812775     -0.501154482    
   72.5212784     -0.519643664    
   72.5612793     -0.537727773    
   72.6012802     -0.555396438    
   72.6412811     -0.572639704    
   72.6812820     -0.589448154    
   72.7212830     -0.605812728    
   72.7612839     -0.621724963    
   72.8012848     -0.637176812    
   72.8412857     -0.652160585    
   72.8812866     -0.666669011    
   72.9212875     -0.680695295    
   72.9612885     -0.694232941    
   73.0012894     -0.707275867    
   73.0412903     -0.719818354    
   73.0812912     -0.731854916    
   73.1212921     -0.743380427    
   73.1612930     -0.754390061    
   73.2012939     -0.764879227    
   73.2412949     -0.774843633    
   73.2812958     -0.784279227    
   73.3212967     -0.793182194    
   73.3612976     -0.801548898    
   73.4012985     -0.809375882    
   73.4412994     -0.816659987    
   73.4813004     -0.823398173    
   73.5213013     -0.829587579    
   73.5613022     -0.835225463    
   73.6013031     -0.840309322    
   73.6413040     -0.844836712    
   73.6813049     -0.848805428    
   73.7213058     -0.852213323    
   73.7613068     -0.855058432    
   73.8013077     -0.857338965    
   73.8413086     -0.859053195    
   73.8813095     -0.860199571    
   73.9213104     -0.860776722    
   73.9613113     -0.860783339    
   74.0013123     -0.860218346    
   74.0413132     -0.859080851    
   74.0813141     -0.857370019    
   74.1213150     -0.855085313    
   74.1613159     -0.852226317    
   74.2013168     -0.848792791    
   74.2413177     -0.844784796    
   74.2813187     -0.840202570    
   74.3213196     -0.835046589    
   74.3613205     -0.829317570    
   74.4013214     -0.823016584    
   74.4413223     -0.816144943    
   74.4813232     -0.808704197    
   74.5213242     -0.800696313    
   74.5613251     -0.792123556    
   74.6013260     -0.782988608    
   74.6413269     -0.773294449    
   74.6813278     -0.763044536    
   74.7213287     -0.752242684    
   74.7613297     -0.740893185    
   74.8013306     -0.729000747    
   74.8413315     -0.716570556    
   74.8813324     -0.703608334    
   74.9213333     -0.690120220    
   74.9613342     -0.676113009    
   75.0013351     -0.661593914    
   75.0413361     -0.646570683    
   75.0813370     -0.631051779    
   75.1213379     -0.615046024    
   75.1613388     -0.598563015    
   75.2013397     -0.581612825    
   75.2413406     -0.564206123    
   75.2813416     -0.546354234    
   75.3213425     -0.528069019    
   75.3613434     -0.509362996    
   75.4013443     -0.490249187    
   75.4413452     -0.470741302    
   75.4813461     -0.450853556    
   75.5213470     -0.430600792    
   75.5613480     -0.409998357    
   75.6013489     -0.389062166    
   75.6413498     -0.367808670    
   75.6813507     -0.346254826    
   75.7213516     -0.324418008    
   75.7613525     -0.302316129    
   75.8013535     -0.279967487    
   75.8413544     -0.257390738    
   75.8813553     -0.234604985    
   75.9213562     -0.211629614    
   75.9613571     -0.188484311    
   76.0013580     -0.165189028    
   76.0413589     -0.141763940    
   76.0813599     -0.118229404    
   76.1213608      -9.46059078E-02
   76.1613617      -7.09140450E-02
   76.2013626      -4.71744686E-02
   76.2413635      -2.34078486E-02
   76.2813644       3.65167856E-04
   76.3213654       2.41240039E-02
   76.3613663       4.78481799E-02
   76.4013672       7.15173781E-02
   76.4413681       9.51114446E-02
   76.4813690      0.118610464    
   76.5213699      0.141994774    
   76.5613708      0.165244997    
   76.6013718      0.188342094    
   76.6413727      0.211267382    
   76.6813736      0.234002531    
   76.7213745      0.256529659    
   76.7613754      0.278831303    
   76.8013763      0.300890416    
   76.8413773      0.322690487    
   76.8813782      0.344215453    
   76.9213791      0.365449786    
   76.9613800      0.386378407    
   77.0013809      0.406986833    
   77.0413818      0.427261055    
   77.0813828      0.447187603    
   77.1213837      0.466753542    
   77.1613846      0.485946476    
   77.2013855      0.504754543    
   77.2413864      0.523166358    
   77.2813873      0.541171074    
   77.3213882      0.558758378    
   77.3613892      0.575918436    
   77.4013901      0.592641890    
   77.4413910      0.608919799    
   77.4813919      0.624743760    
   77.5213928      0.640105784    
   77.5613937      0.654998302    
   77.6013947      0.669414163    
   77.6413956      0.683346629    
   77.6813965      0.696789265    
   77.7213974      0.709736049    
   77.7613983      0.722181261    
   77.8013992      0.734119534    
   77.8414001      0.745545805    
   77.8814011      0.756455302    
   77.9214020      0.766843498    
   77.9614029      0.776706100    
   78.0014038      0.786039174    
   78.0414047      0.794838905    
   78.0814056      0.803101659    
   78.1214066      0.810824096    
   78.1614075      0.818003058    
   78.2014084      0.824635565    
   78.2414093      0.830718696    
   78.2814102      0.836249828    
   78.3214111      0.841226459    
   78.3614120      0.845646203    
   78.4014130      0.849506855    
   78.4414139      0.852806270    
   78.4814148      0.855542541    
   78.5214157      0.857713878    
   78.5614166      0.859318614    
   78.6014175      0.860355198    
   78.6414185      0.860822320    
   78.6814194      0.860718668    
   78.7214203      0.860043228    
   78.7614212      0.858795106    
   78.8014221      0.856973529    
   78.8414230      0.854577959    
   78.8814240      0.851608038    
   78.9214249      0.848063648    
   78.9614258      0.843944788    
   79.0014267      0.839251757    
   79.0414276      0.833985090    
   79.0814285      0.828145623    
   79.1214294      0.821734369    
   79.1614304      0.814752698    
   79.2014313      0.807202339    
   79.2414322      0.799085259    
   79.2814331      0.790403783    
   79.3214340      0.781160653    
   79.3614349      0.771358967    
   79.4014359      0.761002183    
   79.4414368      0.750094295    
   79.4814377      0.738639593    
   79.5214386      0.726642907    
   79.5614395      0.714109540    
   79.6014404      0.701045275    
   79.6414413      0.687456429    
   79.6814423      0.673349798    
   79.7214432      0.658732772    
   79.7614441      0.643613219    
   79.8014450      0.627999604    
   79.8414459      0.611900985    
   79.8814468      0.595327020    
   79.9214478      0.578287840    
   79.9614487      0.560794353    
   80.0014496      0.542857885    
 o periodo aproximado eh:    8.88904953    
 a frequencia aproximada eh:   0.112497970    
