  0.200000003       0.00000000    
  0.199733332      -6.66692434E-03
  0.199256882      -1.19111175E-02
  0.198626697      -1.57546271E-02
  0.197897807      -1.82221644E-02
  0.197124168      -1.93410087E-02
  0.196358532      -1.91409104E-02
  0.195652366      -1.76539980E-02
  0.195055783      -1.49146691E-02
  0.194617406      -1.09594958E-02
  0.194384322      -5.82711259E-03
  0.194401994       4.41884622E-04
  0.194714203       7.80505501E-03
  0.195362926       1.62182171E-02
  0.196388349       2.56355740E-02
  0.197828740       3.60098146E-02
  0.199720427       4.72922437E-02
  0.202097744       5.94328977E-02
  0.204992965       7.23806620E-02
  0.208436295       8.60833898E-02
  0.212455809      0.100488037    
  0.217077434      0.115540780    
  0.222324923      0.131187141    
  0.228219807      0.147372127    
  0.234781414      0.164040327    
  0.242026851      0.181136072    
  0.249970987      0.198603541    
  0.258626461      0.216386914    
  0.268003672      0.234430477    
  0.278110832      0.252678782    
  0.288953900      0.271076739    
  0.300536692      0.289569765    
  0.312860847      0.308103919    
  0.325925887      0.326626033    
  0.339729249      0.345083833    
  0.354266286      0.363426089    
  0.369530380      0.381602675    
  0.385512978      0.399564773    
  0.402203560      0.417264909    
  0.419589847      0.434657127    
  0.437657744      0.451697111    
  0.456391424      0.468342274    
  0.475773484      0.484551787    
  0.495784938      0.500286758    
  0.516405344      0.515510321    
  0.537612855      0.530187726    
  0.559384286      0.544286251    
  0.581695318      0.557775438    
  0.604520380      0.570627034    
  0.627833009      0.582815170    
  0.651605666      0.594316185    
  0.675810039      0.605108798    
  0.700416982      0.615174055    
  0.725396812      0.624495268    
  0.750719130      0.633058071    
  0.776353121      0.640850306    
  0.802267611      0.647862077    
  0.828431010      0.654085577    
  0.854811609      0.659515023    
  0.881377459      0.664146662    
  0.908096611      0.667978644    
  0.934937060      0.671010792    
  0.961866856      0.673244715    
  0.988854170      0.674683452    
   1.01586747      0.675331533    
   1.04287529      0.675194740    
   1.06984651      0.674279988    
   1.09675038      0.672595263    
   1.12355638      0.670149326    
   1.15023446      0.666951776    
   1.17675495      0.663012683    
   1.20308864      0.658342659    
   1.22920680      0.652952611    
   1.25508094      0.646853685    
   1.28068316      0.640056968    
   1.30598617      0.632573664    
   1.33096278      0.624414682    
   1.35558641      0.615590692    
   1.37983084      0.606112003    
   1.40367043      0.595988512    
   1.42707956      0.585229516    
   1.45003331      0.573843718    
   1.47250688      0.561839163    
   1.49447584      0.549223185    
   1.51591599      0.536002338    
   1.53680325      0.522182345    
   1.55711401      0.507768095    
   1.57682455      0.492763609    
   1.59591138      0.477172047    
   1.61435115      0.460995704    
   1.63212061      0.444235981    
   1.64919639      0.426893413    
   1.66555512      0.408967733    
   1.68117344      0.390457809    
   1.69602787      0.371361732    
   1.71009493      0.351676881    
   1.72335088      0.331399888    
   1.73577189      0.310526729    
   1.74733400      0.289052784    
   1.75801289      0.266972929    
   1.76778412      0.244281530    
   1.77662301      0.220972583    
   1.78450465      0.197039738    
   1.79140365      0.172476426    
   1.79729474      0.147275940    
   1.80215204      0.121431515    
   1.80594945       9.49364528E-02
   1.80866086       6.77842200E-02
   1.81025958       3.99685428E-02
   1.81071889       1.14835836E-02
   1.81001186      -1.76759809E-02
   1.80811131      -4.75147814E-02
   1.80498981      -7.80366361E-02
   1.80062008     -0.109244369    
   1.79497445     -0.141139656    
   1.78802550     -0.173722833    
   1.77974582     -0.206992730    
   1.77010798     -0.240946457    
   1.75908482     -0.275579184    
   1.74664950     -0.310883909    
   1.73277545     -0.346851259    
   1.71743667     -0.383469224    
   1.70060778     -0.420722902    
   1.68226397     -0.458594233    
   1.66238153     -0.497061700    
   1.64093757     -0.536100030    
   1.61791039     -0.575680077    
   1.59327960     -0.615768194    
   1.56702650     -0.656326294    
   1.53913403     -0.697311401    
   1.50958705     -0.738675296    
   1.47837245     -0.780364394    
   1.44547963     -0.822319508    
   1.41090059     -0.864475548    
   1.37463009     -0.906761467    
   1.33666611     -0.949100018    
   1.29700983     -0.991407812    
   1.25566602      -1.03359520    
   1.21264338      -1.07556641    
   1.16795456      -1.11721981    
   1.12161660      -1.15844810    
   1.07365108      -1.19913864    
   1.02408409      -1.23917413    
  0.972946763      -1.27843297    
  0.920275152      -1.31679010    
  0.866110444      -1.35411811    
  0.810498893      -1.39028811    
  0.753492057      -1.42517054    
  0.695146561      -1.45863700    
  0.635524094      -1.49056125    
  0.574691296      -1.52082050    
  0.512719393      -1.54929721    
  0.449684173      -1.57588065    
  0.385665447      -1.60046792    
  0.320746809      -1.62296593    
  0.255015105      -1.64329267    
  0.188559979      -1.66137826    
  0.121473320      -1.67716658    
   5.38486838E-02  -1.69061589    
  -1.42193064E-02  -1.70169973    
  -8.26355964E-02  -1.71040738    
 -0.151305377      -1.71674430    
 -0.220134676      -1.72073221    
 -0.289031029      -1.72240865    
 -0.357904106      -1.72182679    
 -0.426666290      -1.71905470    
 -0.495233238      -1.71417403    
 -0.563524425      -1.70727944    
 -0.631463528      -1.69847679    
 -0.698978782      -1.68788207    
 -0.766003549      -1.67561960    
 -0.832476377      -1.66182053    
 -0.898341238      -1.64662123    
 -0.963547707      -1.63016176    
  -1.02805102      -1.61258399    
  -1.09181225      -1.59403038    
  -1.15479791      -1.57464254    
  -1.21698034      -1.55455971    
  -1.27833700      -1.53391802    
  -1.33885098      -1.51284909    
  -1.39851010      -1.49147916    
  -1.45730722      -1.46992874    
  -1.51523972      -1.44831157    
  -1.57230914      -1.42673445    
  -1.62852097      -1.40529680    
  -1.68388462      -1.38409066    
  -1.73841262      -1.36320043    
  -1.79212070      -1.34270287    
  -1.84502733      -1.32266724    
  -1.89715350      -1.30315566    
  -1.94852245      -1.28422296    
  -1.99915910      -1.26591742    
  -2.04909039      -1.24828064    
  -2.09834433      -1.23134816    
  -2.14695024      -1.21514988    
  -2.19493866      -1.19971013    
  -2.24234056      -1.18504846    
  -2.28918767      -1.17117977    
  -2.33551216      -1.15811455    
  -2.38134646      -1.14585972    
  -2.42672324      -1.13441837    
  -2.47167492      -1.12379062    
  -2.51623392      -1.11397362    
  -2.56043243      -1.10496187    
  -2.60430241      -1.09674764    
  -2.64787531      -1.08932114    
  -2.69118214      -1.08267057    
  -2.73425341      -1.07678270    
  -2.77711916      -1.07164264    
  -2.81980848      -1.06723416    
  -2.86234999      -1.06353998    
  -2.90477157      -1.06054151    
  -2.94710040      -1.05821943    
  -2.98936248      -1.05655324    
  -3.03158331      -1.05552173    
  -3.07378745      -1.05510283    
  -3.11599851      -1.05527353    
  -3.15823889      -1.05601013    
  -3.20053053      -1.05728805    
  -3.24289370      -1.05908179    
  -3.28534842      -1.06136513    
  -3.32791281      -1.06411076    
  -3.37060452      -1.06729054    
  -3.41343951      -1.07087517    
  -3.45643282      -1.07483423    
  -3.49959826      -1.07913613    
  -3.54294825      -1.08374810    
  -3.58649373      -1.08863592    
  -3.63024426      -1.09376395    
  -3.67420816      -1.09909511    
  -3.71839190      -1.10459077    
  -3.76280022      -1.11021078    
  -3.80743670      -1.11591303    
  -3.85230279      -1.12165391    
  -3.89739823      -1.12738800    
  -3.94272089      -1.13306820    
  -3.98826671      -1.13864553    
  -4.03402948      -1.14406919    
  -4.08000088      -1.14928699    
  -4.12617064      -1.15424478    
  -4.17252636      -1.15888715    
  -4.21905279      -1.16315722    
  -4.26573277      -1.16699672    
  -4.31254673      -1.17034650    
  -4.35947275      -1.17314649    
  -4.40648603      -1.17533612    
  -4.45356035      -1.17685449    
  -4.50066614      -1.17764056    
  -4.54777145      -1.17763388    
  -4.59484243      -1.17677450    
  -4.64184237      -1.17500377    
  -4.68873310      -1.17226458    
  -4.73547316      -1.16850150    
  -4.78201962      -1.16366184    
  -4.82832766      -1.15769541    
  -4.87435007      -1.15055561    
  -4.92003822      -1.14219940    
  -4.96534157      -1.13258791    
  -5.01020908      -1.12168682    
  -5.05458784      -1.10946679    
  -5.09842396      -1.09590364    
  -5.14166307      -1.08097899    
  -5.18425035      -1.06468010    
  -5.22613049      -1.04700053    
  -5.26724815      -1.02793980    
  -5.30754852      -1.00750411    
  -5.34697676     -0.985705793    
  -5.38547945     -0.962563753    
  -5.42300367     -0.938103259    
  -5.45949793     -0.912355781    
  -5.49491215     -0.885358930    
  -5.52919817     -0.857156157    
  -5.56231022     -0.827796578    
  -5.59420347     -0.797334611    
  -5.62483644     -0.765829623    
  -5.65417004     -0.733345687    
  -5.68216801     -0.699951053    
  -5.70879650     -0.665717840    
  -5.73402548     -0.630721569    
  -5.75782728     -0.595040739    
  -5.78017759     -0.558756411    
  -5.80105543     -0.521951735    
  -5.82044411     -0.484711677    
  -5.83832884     -0.447122425    
  -5.85469961     -0.409271091    
  -5.86954927     -0.371245295    
  -5.88287449     -0.333132863    
  -5.89467525     -0.295021415    
  -5.90495539     -0.256998032    
  -5.91372156     -0.219149023    
  -5.92098379     -0.181559592    
  -5.92675638     -0.144313589    
  -5.93105602     -0.107493229    
  -5.93390322      -7.11789057E-02
  -5.93532133      -3.54489535E-02
  -5.93533659      -3.79450619E-04
  -5.93397856       3.39559391E-02
  -5.93127918       6.74861670E-02
  -5.92727327      0.100142926    
  -5.92199898      0.131860793    
  -5.91549587      0.162577420    
  -5.90780640      0.192233577    
  -5.89897537      0.220773295    
  -5.88904953      0.248143986    
  -5.87807751      0.274296463    
  -5.86611032      0.299185097    
  -5.85319948      0.322767884    
  -5.83939934      0.345006377    
  -5.82476473      0.365865827    
  -5.80935192      0.385315210    
  -5.79321861      0.403327197    
  -5.77642345      0.419878185    
  -5.75902557      0.434948236    
  -5.74108458      0.448521078    
  -5.72266102      0.460584015    
  -5.70381594      0.471127927    
  -5.68460989      0.480147123    
  -5.66510439      0.487639278    
  -5.64535999      0.493605286    
  -5.62543821      0.498049140    
  -5.60539913      0.500977874    
  -5.58530331      0.502401233    
  -5.56520987      0.502331734    
  -5.54517841      0.500784278    
  -5.52526760      0.497776151    
  -5.50553465      0.493326753    
  -5.48603630      0.487457395    
  -5.46682882      0.480191171    
  -5.44796658      0.471552759    
  -5.42950392      0.461568207    
  -5.41149330      0.450264782    
  -5.39398670      0.437670797    
  -5.37703419      0.423815489    
  -5.36068487      0.408728808    
  -5.34498739      0.392441332    
  -5.32998800      0.374984056    
  -5.31573248      0.356388420    
  -5.30226517      0.336686075    
  -5.28962898      0.315908909    
  -5.27786541      0.294088930    
  -5.26701498      0.271258235    
  -5.25711679      0.247448951    
  -5.24820900      0.222693279    
  -5.24032784      0.197023466    
  -5.23350906      0.170471817    
  -5.22778606      0.143070757    
  -5.22319174      0.114852861    
  -5.21975756       8.58509392E-02
  -5.21751356       5.60981184E-02
  -5.21648836       2.56279092E-02
  -5.21670961      -5.52566163E-03
  -5.21820259      -3.73279452E-02
  -5.22099257      -6.97435513E-02
  -5.22510195     -0.102736205    
  -5.23055267     -0.136268631    
  -5.23736477     -0.170302376    
  -5.24555683     -0.204797685    
  -5.25514555     -0.239713371    
  -5.26614571     -0.275006652    
  -5.27857113     -0.310633004    
  -5.29243279     -0.346546054    
  -5.30774069     -0.382697463    
  -5.32450199     -0.419036806    
  -5.34272242     -0.455511421    
  -5.36240530     -0.492066443    
  -5.38355112     -0.528644681    
  -5.40615845     -0.565186620    
  -5.43022346     -0.601630330    
  -5.45573997     -0.637911737    
  -5.48269844     -0.673964381    
  -5.51108742     -0.709719837    
  -5.54089165     -0.745107591    
  -5.57209396     -0.780055404    
  -5.60467339     -0.814489484    
  -5.63860655     -0.848334789    
  -5.67386723     -0.881515443    
  -5.71042538     -0.913954914    
  -5.74824858     -0.945576668    
  -5.78730059     -0.976304531    
  -5.82754326      -1.00606322    
  -5.86893463      -1.03477883    
  -5.91142988      -1.06237936    
  -5.95498180      -1.08879554    
  -5.99954033      -1.11396134    
  -6.04505301      -1.13781440    
  -6.09146500      -1.16029680    
  -6.13871908      -1.18135571    
  -6.18675661      -1.20094371    
  -6.23551750      -1.21901965    
  -6.28493929      -1.23554873    
  -6.33495951      -1.25050318    
  -6.38551378      -1.26386249    
  -6.43653822      -1.27561378    
  -6.48796844      -1.28575182    
  -6.53973961      -1.29427910    
  -6.59178782      -1.30120611    
  -6.64404964      -1.30655098    
  -6.69646311      -1.31033921    
  -6.74896717      -1.31260371    
  -6.80150270      -1.31338418    
  -6.85401154      -1.31272662    
  -6.90643883      -1.31068313    
  -6.95873117      -1.30731118    
  -7.01083803      -1.30267274    
  -7.06271124      -1.29683399    
  -7.11430597      -1.28986454    
  -7.16557932      -1.28183663    
  -7.21649218      -1.27282465    
  -7.26700830      -1.26290429    
  -7.31709433      -1.25215185    
  -7.36672020      -1.24064374    
  -7.41585827      -1.22845578    
  -7.46448469      -1.21566284    
  -7.51257801      -1.20233798    
  -7.56012011      -1.18855238    
  -7.60709524      -1.17437482    
  -7.65349007      -1.15987098    
  -7.69929409      -1.14510369    
  -7.74449921      -1.13013232    
  -7.78909969      -1.11501276    
  -7.83309174      -1.09979713    
  -7.87647295      -1.08453381    
  -7.91924381      -1.06926739    
  -7.96140528      -1.05403852    
  -8.00296021      -1.03888416    
  -8.04391384      -1.02383733    
  -8.08427048      -1.00892746    
  -8.12403774     -0.994180322    
  -8.16322231     -0.979618251    
  -8.20183277     -0.965260148    
  -8.23987770     -0.951121807    
  -8.27736664     -0.937215984    
  -8.31430912     -0.923552513    
  -8.35071468     -0.910138488    
  -8.38659382     -0.896978557    
  -8.42195702     -0.884074926    
  -8.45681381     -0.871427655    
  -8.49117565     -0.859034717    
  -8.52505112     -0.846892238    
  -8.55845070     -0.834994614    
  -8.59138393     -0.823334754    
  -8.62386036     -0.811904073    
  -8.65588760     -0.800692737    
  -8.68747520     -0.789689720    
  -8.71863079     -0.778883040    
  -8.74936104     -0.768259764    
  -8.77967358     -0.757806182    
  -8.80957413     -0.747507870    
  -8.83906841     -0.737349808    
  -8.86816120     -0.727316439    
  -8.89685726     -0.717391849    
  -8.92515945     -0.707559705    
  -8.95307159     -0.697803319    
  -8.98059559     -0.688105881    
  -9.00773335     -0.678450465    
  -9.03448582     -0.668819964    
  -9.06085396     -0.659197211    
  -9.08683681     -0.649565101    
  -9.11243343     -0.639906526    
  -9.13764191     -0.630204439    
  -9.16245937     -0.620441973    
  -9.18688393     -0.610602319    
  -9.21091080     -0.600668907    
  -9.23453617     -0.590625405    
  -9.25775433     -0.580455720    
  -9.28056049     -0.570143938    
  -9.30294704     -0.559674561    
  -9.32490826     -0.549032331    
  -9.34643650     -0.538202345    
  -9.36752319     -0.527170062    
  -9.38815975     -0.515921354    
  -9.40833759     -0.504442394    
  -9.42804623     -0.492719829    
  -9.44727612     -0.480740786    
  -9.46601582     -0.468492776    
  -9.48425484     -0.455963761    
  -9.50198078     -0.443142235    
  -9.51918125     -0.430017114    
  -9.53584480     -0.416577756    
  -9.55195713     -0.402814180    
  -9.56750584     -0.388716757    
  -9.58247662     -0.374276400    
  -9.59685612     -0.359484613    
  -9.61062908     -0.344333321    
  -9.62378120     -0.328814983    
  -9.63629818     -0.312922657    
  -9.64816380     -0.296649814    
  -9.65936375     -0.279990435    
  -9.66988087     -0.262939036    
  -9.67970085     -0.245490581    
  -9.68880653     -0.227640495    
  -9.69718170     -0.209384635    
  -9.70481014     -0.190719321    
  -9.71167564     -0.171641186    
  -9.71776199     -0.152147293    
  -9.72305107     -0.132235095    
  -9.72752762     -0.111902237    
  -9.73117352      -9.11467075E-02
  -9.73397255      -6.99667335E-02
  -9.73590660      -4.83606979E-02
  -9.73695946      -2.63271071E-02
  -9.73711395      -3.86465341E-03
  -9.73635292       1.90279912E-02
  -9.73465919       4.23521101E-02
  -9.73201466       6.61090016E-02
  -9.72840309       9.03001428E-02
  -9.72380638      0.114927106    
  -9.71820641      0.139991641    
  -9.71158695      0.165495858    
  -9.70392895      0.191442072    
  -9.69521523      0.217832997    
  -9.68542862      0.244671762    
  -9.67455006      0.271961898    
  -9.66256142      0.299707472    
  -9.64944458      0.327913046    
  -9.63518143      0.356583774    
  -9.61975288      0.385725290    
  -9.60313892      0.415343881    
  -9.58532143      0.445446491    
  -9.56627941      0.476040512    
  -9.54599380      0.507134020    
  -9.52444458      0.538735569    
  -9.50161076      0.570854127    
  -9.47747040      0.603499055    
  -9.45200348      0.636680186    
  -9.42518711      0.670407355    
  -9.39699936      0.704690456    
  -9.36741734      0.739539385    
  -9.33641911      0.774963558    
  -9.30397987      0.810971856    
  -9.27007675      0.847572267    
  -9.23468590      0.884771645    
  -9.19778252      0.922575235    
  -9.15934277      0.960986316    
  -9.11934280       1.00000584    
  -9.07775784       1.03963161    
  -9.03456306       1.07985818    
  -8.98973560       1.12067580    
  -8.94325256       1.16206992    
  -8.89509201       1.20402050    
  -8.84523201       1.24650109    
  -8.79365253       1.28947818    
  -8.74033642       1.33291030    
  -8.68526649       1.37674701    
  -8.62842941       1.42092800    
  -8.56981373       1.46538234    
  -8.50941277       1.51002753    
  -8.44722176       1.55476844    
  -8.38324165       1.59949684    
  -8.31747818       1.64409065    
  -8.24994183       1.68841338    
  -8.18064880       1.73231363    
  -8.10962391       1.77562511    
  -8.03689766       1.81816697    
  -7.96250772       1.85974395    
  -7.88650179       1.90014708    
  -7.80893564       1.93915522    
  -7.72987413       1.97653627    
  -7.64939213       2.01204944    
  -7.56757402       2.04544735    
  -7.48451471       2.07647943    
  -7.40031910       2.10489440    
  -7.31510115       2.13044405    
  -7.22898579       2.15288782    
  -7.14210606       2.17199564    
  -7.05460405       2.18755269    
  -6.96662951       2.19936323    
  -6.87833929       2.20725465    
  -6.78989601       2.21108055    
  -6.70146704       2.21072388    
  -6.61322308       2.20609999    
  -6.52533674       2.19715738    
  -6.43798161       2.18387961    
  -6.35133028       2.16628551    
  -6.26555300       2.14442825    
  -6.18081713       2.11839437    
  -6.09728527       2.08830142    
  -6.01511335       2.05429554    
  -5.93445158       2.01654840    
  -5.85544157       1.97525299    
  -5.77821684       1.93062031    
  -5.70290184       1.88287497    
  -5.62961197       1.83225107    
  -5.55845261       1.77898848    
  -5.48951960       1.72332871    
  -5.42289925       1.66551185    
  -5.35866833       1.60577297    
  -5.29689455       1.54433990    
  -5.23763752       1.48143029    
  -5.18094730       1.41725051    
  -5.12686777       1.35199356    
  -5.07543421       1.28583848    
  -5.02667618       1.21894956    
  -4.98061705       1.15147591    
  -4.93727493       1.08355176    
  -4.89666319       1.01529658    
  -4.85879040      0.946815372    
  -4.82366228      0.878199697    
  -4.79128122      0.809528232    
  -4.76164675      0.740867734    
  -4.73475599      0.672273993    
  -4.71060419      0.603792846    
  -4.68918562      0.535461366    
  -4.67049313      0.467308789    
  -4.65451860      0.399357498    
  -4.64125347      0.331624329    
  -4.63068867      0.264121324    
  -4.62281418      0.196856797    
  -4.61762094      0.129836440    
  -4.61509848       6.30641058E-02
  -4.61523676      -3.45739722E-03
  -4.61802578      -6.97251037E-02
  -4.62345505     -0.135735363    
  -4.63151455     -0.201482996    
  -4.64219284     -0.266960293    
  -4.65547895     -0.332156479    
  -4.67136145     -0.397056997    
  -4.68982697     -0.461642534    
  -4.71086264     -0.525888622    
  -4.73445320     -0.589764953    
  -4.76058245     -0.653234601    
  -4.78923273     -0.716253579    
  -4.82038355     -0.778770387    
  -4.85401249     -0.840725303    
  -4.89009428     -0.902050316    
  -4.92860079     -0.962668598    
  -4.96950054      -1.02249444    
  -5.01275778      -1.08143306    
  -5.05833292      -1.13938069    
  -5.10618210      -1.19622505    
  -5.15625572      -1.25184524    
  -5.20850039      -1.30611289    
  -5.26285601      -1.35889244    
  -5.31925774      -1.41004252    
  -5.37763453      -1.45941699    
  -5.43790913      -1.50686622    
  -5.49999857      -1.55223918    
  -5.56381416      -1.59538496    
  -5.62926054      -1.63615465    
  -5.69623661      -1.67440379    
  -5.76463652      -1.70999455    
  -5.83434820      -1.74279797    
  -5.90525627      -1.77269626    
  -5.97723961      -1.79958498    
  -6.05017471      -1.82337534    
  -6.12393475      -1.84399593    
  -6.19839048      -1.86139441    
  -6.27341223      -1.87553895    
  -6.34886885      -1.88641906    
  -6.42463064      -1.89404631    
  -6.50056887      -1.89845455    
  -6.57655668      -1.89969957    
  -6.65247107      -1.89785838    
  -6.72819233      -1.89302826    
  -6.80360556      -1.88532531    
  -6.87860107      -1.87488270    
  -6.95307493      -1.86184859    
  -7.02693033      -1.84638393    
  -7.10007668      -1.82866001    
  -7.17243099      -1.80885625    
  -7.24391747      -1.78715742    
  -7.31446743      -1.76375151    
  -7.38402033      -1.73882723    
  -7.45252323      -1.71257198    
  -7.51992989      -1.68516982    
  -7.58620167      -1.65679967    
  -7.65130711      -1.62763393    
  -7.71522045      -1.59783685    
  -7.77792311      -1.56756389    
  -7.83940172      -1.53696060    
  -7.89964819      -1.50616229    
  -7.95866013      -1.47529316    
  -8.01643848      -1.44446647    
  -8.07298946      -1.41378462    
  -8.12832260      -1.38333893    
  -8.18245125      -1.35321009    
  -8.23538971      -1.32346845    
  -8.28715706      -1.29417419    
  -8.33777237      -1.26537859    
  -8.38725758      -1.23712361    
  -8.43563557      -1.20944297    
  -8.48293018      -1.18236291    
  -8.52916622      -1.15590239    
  -8.57436943      -1.13007379    
  -8.61856461      -1.10488367    
  -8.66177750      -1.08033323    
  -8.70403385      -1.05641878    
  -8.74535942      -1.03313255    
  -8.78577805      -1.01046300    
  -8.82531357     -0.988394856    
  -8.86398983     -0.966910422    
  -8.90182972     -0.945989370    
  -8.93885422     -0.925609171    
  -8.97508430     -0.905745625    
  -9.01053905     -0.886373103    
  -9.04523754     -0.867464662    
  -9.07919693     -0.848992586    
  -9.11243439     -0.830928445    
  -9.14496422     -0.813243270    
  -9.17680073     -0.795907974    
  -9.20795631     -0.778893292    
  -9.23844337     -0.762169838    
  -9.26827145     -0.745708644    
  -9.29745102     -0.729480922    
  -9.32598972     -0.713458180    
  -9.35389423     -0.697612703    
  -9.38117123     -0.681917131    
  -9.40782547     -0.666344762    
  -9.43385983     -0.650869668    
  -9.45927811     -0.635466695    
  -9.48408222     -0.620111406    
  -9.50827312     -0.604780376    
  -9.53185081     -0.589450955    
  -9.55481529     -0.574101388    
  -9.57716370     -0.558710992    
  -9.59889412     -0.543260038    
  -9.62000370     -0.527729571    
  -9.64048767     -0.512101889    
  -9.66034222     -0.496360183    
  -9.67956161     -0.480488569    
  -9.69814014     -0.464472324    
  -9.71607208     -0.448297650    
  -9.73334980     -0.431951731    
  -9.74996662     -0.415422857    
  -9.76591492     -0.398700267    
  -9.78118610     -0.381774098    
  -9.79577160     -0.364635587    
  -9.80966282     -0.347276777    
  -9.82285023     -0.329690814    
  -9.83532524     -0.311871648    
  -9.84707737     -0.293814033    
  -9.85809803     -0.275513709    
  -9.86837673     -0.256967247    
  -9.87790394     -0.238171831    
  -9.88666916     -0.219125614    
  -9.89466190     -0.199827343    
  -9.90187263     -0.180276364    
  -9.90829182     -0.160472810    
  -9.91390896     -0.140417308    
  -9.91871357     -0.120110974    
  -9.92269611      -9.95554775E-02
  -9.92584610      -7.87528753E-02
  -9.92815399      -5.77055216E-02
  -9.92961025      -3.64161804E-02
  -9.93020535      -1.48878172E-02
  -9.92993069       6.87646121E-03
  -9.92877579       2.88732965E-02
  -9.92673206       5.10993600E-02
  -9.92378998       7.35513344E-02
  -9.91994095       9.62259173E-02
  -9.91517639      0.119119957    
  -9.90948677      0.142230511    
  -9.90286446      0.165554836    
  -9.89530087      0.189090535    
  -9.88678741      0.212835580    
  -9.87731552      0.236788332    
  -9.86687756      0.260947645    
  -9.85546494      0.285312951    
  -9.84307003      0.309884161    
  -9.82968330      0.334661812    
  -9.81529713      0.359647185    
  -9.79990387      0.384842157    
  -9.78349400      0.410249293    
  -9.76605892      0.435871959    
  -9.74759007      0.461714208    
  -9.72807884      0.487780809    
  -9.70751572      0.514077306    
  -9.68589115      0.540609896    
  -9.66319561      0.567385435    
  -9.63941956      0.594411492    
  -9.61455154      0.621696115    
  -9.58858204      0.649247944    
  -9.56149864      0.677075922    
  -9.53329086      0.705189466    
  -9.50394726      0.733598053    
  -9.47345448      0.762311161    
  -9.44180107      0.791338325    
  -9.40897369      0.820688546    
  -9.37495899      0.850370407    
  -9.33974361      0.880391717    
  -9.30331326      0.910759151    
  -9.26565456      0.941478193    
  -9.22675228      0.972552538    
  -9.18659306       1.00398386    
  -9.14516258       1.03577137    
  -9.10244656       1.06791151    
  -9.05843067       1.10039723    
  -9.01310158       1.13321793    
  -8.96644688       1.16635847    
  -8.91845512       1.19979870    
  -8.86911488       1.23351324    
  -8.81841564       1.26747048    
  -8.76635075       1.30163217    
  -8.71291256       1.33595288    
  -8.65809727       1.37037921    
  -8.60190296       1.40484905    
  -8.54433155       1.43929160    
  -8.48538685       1.47362638    
  -8.42507648       1.50776267    
  -8.36341286       1.54159975    
  -8.30041218       1.57502604    
  -8.23609543       1.60791922    
  -8.17048931       1.64014637    
  -8.10362720       1.67156398    
  -8.03554630       1.70201862    
  -7.96629238       1.73134720    
  -7.89591742       1.75937808    
  -7.82448006       1.78593242    
  -7.75204706       1.81082511    
  -7.67869234       1.83386672    
  -7.60449791       1.85486531    
  -7.52955294       1.87362874    
  -7.45395422       1.88996649    
  -7.37780666       1.90369296    
  -7.30122137       1.91462934    
  -7.22431707       1.92260659    
  -7.14721823       1.92746818    
  -7.07005548       1.92907250    
  -6.99296379       1.92729509    
  -6.91608238       1.92203116    
  -6.83955431       1.91319740    
  -6.76352501       1.90073299    
  -6.68814087       1.88460147    
  -6.61354923       1.86479068    
  -6.53989649       1.84131300    
  -6.46732807       1.81420541    
  -6.39598703       1.78352845    
  -6.32601261       1.74936497    
  -6.25753975       1.71181846    
  -6.19069910       1.67101133    
  -6.12561560       1.62708259    
  -6.06240797       1.58018529    
  -6.00118876       1.53048444    
  -5.94206238       1.47815406    
  -5.88512754       1.42337489    
  -5.83047438       1.36633170    
  -5.77818584       1.30721152    
  -5.72833776       1.24620104    
  -5.68099833       1.18348467    
  -5.63622856       1.11924362    
  -5.59408236       1.05365384    
  -5.55460691      0.986884952    
  -5.51784277      0.919099808    
  -5.48382473      0.850453615    
  -5.45258093      0.781093419    
  -5.42413473      0.711158395    
  -5.39850378      0.640779376    
  -5.37570047      0.570079327    
  -5.35573339      0.499173760    
  -5.33860636      0.428171009    
  -5.32431936      0.357172757    
  -5.31286860      0.286274970    
  -5.30424595      0.215568364    
  -5.29844046      0.145139098    
  -5.29543781       7.50697404E-02
  -5.29522038       5.43988496E-03
  -5.29776716      -6.36731386E-02
  -5.30305481     -0.132193312    
  -5.31105661     -0.200045422    
  -5.32174301     -0.267154396    
  -5.33508062     -0.333444506    
  -5.35103416     -0.398839056    
  -5.36956453     -0.463259816    
  -5.39062977     -0.526626527    
  -5.41418409     -0.588856757    
  -5.44017887     -0.649865627    
  -5.46856165     -0.709565759    
  -5.49927616     -0.767867208    
  -5.53226328     -0.824677765    
  -5.56745958     -0.879902899    
  -5.60479736     -0.933446407    
  -5.64420557     -0.985210896    
  -5.68560934      -1.03509831    
  -5.72893000      -1.08301055    
  -5.77408409      -1.12885070    
  -5.82098484      -1.17252374    
  -5.86954212      -1.21393740    
  -5.91966248      -1.25300360    
  -5.97124815      -1.28963923    
  -6.02419901      -1.32376778    
  -6.07841158      -1.35532010    
  -6.13378096      -1.38423550    
  -6.19019938      -1.41046309    
  -6.24755764      -1.43396258    
  -6.30574560      -1.45470488    
  -6.36465263      -1.47267318    
  -6.42416716      -1.48786318    
  -6.48417854      -1.50028372    
  -6.54457664      -1.50995660    
  -6.60525322      -1.51691663    
  -6.66610146      -1.52121139    
  -6.72701740      -1.52290094    
  -6.78789949      -1.52205670    
  -6.84864998      -1.51876092    
  -6.90917444      -1.51310575    
  -6.96938229      -1.50519192    
  -7.02918720      -1.49512780    
  -7.08850813      -1.48302758    
  -7.14726877      -1.46901071    
  -7.20539665      -1.45319986    
  -7.26282549      -1.43571985    
  -7.31949329      -1.41669643    
  -7.37534332      -1.39625490    
  -7.43032408      -1.37451911    
  -7.48438835      -1.35161042    
  -7.53749418      -1.32764649    
  -7.58960390      -1.30274057    
  -7.64068413      -1.27700090    
  -7.69070530      -1.25053000    
  -7.73964214      -1.22342408    
  -7.78747320      -1.19577312    
  -7.83417940      -1.16766000    
  -7.87974596      -1.13916063    
  -7.92415953      -1.11034405    
  -7.96741056      -1.08127236    
  -8.00949097      -1.05200040    
  -8.05039406      -1.02257645    
  -8.09011555     -0.993042171    
  -8.12865257     -0.963432789    
  -8.16600323     -0.933777690    
  -8.20216751     -0.904100299    
  -8.23714447     -0.874418676    
  -8.27093410     -0.844745874    
  -8.30353737     -0.815090120    
  -8.33495522     -0.785455167    
  -8.36518860     -0.755840838    
  -8.39423847     -0.726243138    
  -8.42210484     -0.696654856    
  -8.44878769     -0.667065501    
  -8.47428608     -0.637461841    
  -8.49859905     -0.607828259    
  -8.52172470     -0.578146875    
  -8.54366016     -0.548397720    
  -8.56440258     -0.518559396    
  -8.58394718     -0.488608778    
  -8.60228825     -0.458521485    
  -8.61941910     -0.428272218    
  -8.63533211     -0.397834659    
  -8.65001965     -0.367181629    
  -8.66347122     -0.336285651    
  -8.67567635     -0.305118650    
  -8.68662262     -0.273652166    
  -8.69629669     -0.241857737    
  -8.70468521     -0.209706724    
  -8.71177197     -0.177170485    
  -8.71754074     -0.144220650    
  -8.72197437     -0.110829011    
  -8.72505283      -7.69676268E-02
  -8.72675705      -4.26091030E-02
  -8.72706604      -7.72651657E-03
  -8.72595787       2.77065448E-02
  -8.72340965       6.37155920E-02
  -8.71939659      0.100325398    
  -8.71389389      0.137559921    
  -8.70687580      0.175441891    
  -8.69831562      0.213992909    
  -8.68818665      0.253233343    
  -8.67645931      0.293181837    
  -8.66310501      0.333855420    
  -8.64809418      0.375269353    
  -8.63139629      0.417436570    
  -8.61298180      0.460367650    
  -8.59281921      0.504070580    
  -8.57087708      0.548550129    
  -8.54712486      0.593807817    
  -8.52153111      0.639841378    
  -8.49406528      0.686644197    
  -8.46469688      0.734205127    
  -8.43339634      0.782507718    
  -8.40013504      0.831529737    
  -8.36488533      0.881242633    
  -8.32762051      0.931610942    
  -8.28831673      0.982591391    
  -8.24695110       1.03413260    
  -8.20350456       1.08617413    
  -8.15795898       1.13864589    
  -8.11030006       1.19146752    
  -8.06051826       1.24454772    
  -8.00860691       1.29778385    
  -7.95456457       1.35106134    
  -7.89839458       1.40425313    
  -7.84010601       1.45721996    
  -7.77971363       1.50980997    
  -7.71723938       1.56185901    
  -7.65271187       1.61319101    
  -7.58616734       1.66361892    
  -7.51764965       1.71294534    
  -7.44721127       1.76096439    
  -7.37491274       1.80746305    
  -7.30082369       1.85222328    
  -7.22502279       1.89502442    
  -7.14759684       1.93564630    
  -7.06864214       1.97387159    
  -6.98826265       2.00948977    
  -6.90657043       2.04229999    
  -6.82368565       2.07211494    
  -6.73973513       2.09876418    
  -6.65485144       2.12209773    
  -6.56917191       2.14198899    
  -6.48283863       2.15833759    
  -6.39599562       2.17107201    
  -6.30878973       2.18015099    
  -6.22136688       2.18556523    
  -6.13387346       2.18733740    
  -6.04645252       2.18552232    
  -5.95924425       2.18020582    
  -5.87238407       2.17150402    
  -5.78600168       2.15955997    
  -5.70022011       2.14454222    
  -5.61515427       2.12664080    
  -5.53091145       2.10606456    
  -5.44758987       2.08303666    
  -5.36527824       2.05779195    
  -5.28405523       2.03057241    
  -5.20399046       2.00162363    
  -5.12514257       1.97119153    
  -5.04756165       1.93951941    
  -4.97128773       1.90684474    
  -4.89635181       1.87339699    
  -4.82277584       1.83939540    
  -4.75057411       1.80504739    
  -4.67975235       1.77054691    
  -4.61030960       1.73607397    
  -4.54223776       1.70179367    
  -4.47552347       1.66785610    
  -4.41014767       1.63439608    
  -4.34608650       1.60153353    
  -4.28331137       1.56937373    
  -4.22179127       1.53800797    
  -4.16149092       1.50751400    
  -4.10237265       1.47795713    
  -4.04439688       1.44939077    
  -3.98752260       1.42185724    
  -3.93170714       1.39538884    
  -3.87690687       1.37000859    
  -3.82307768       1.34573102    
  -3.77017522       1.32256329    
  -3.71815491       1.30050552    
  -3.66697288       1.27955186    
  -3.61658525       1.25969124    
  -3.56694889       1.24090767    
  -3.51802158       1.22318101    
  -3.46976209       1.20648777    
  -3.42213011       1.19080114    
  -3.37508655       1.17609167    
  -3.32859349       1.16232777    
  -3.28261447       1.14947581    
  -3.23711443       1.13750052    
  -3.19205976       1.12636542    
  -3.14741850       1.11603284    
  -3.10315990       1.10646415    
  -3.05925512       1.09762001    
  -3.01567674       1.08946049    
  -2.97239900       1.08194506    
  -2.92939758       1.07503295    
  -2.88665032       1.06868303    
  -2.84413624       1.06285381    
  -2.80183601       1.05750358    
  -2.75973248       1.05259061    
  -2.71780968       1.04807293    
  -2.67605329       1.04390848    
  -2.63445115       1.04005516    
  -2.59299231       1.03647053    
  -2.55166769       1.03311241    
  -2.51047015       1.02993846    
  -2.46939397       1.02690613    
  -2.42843509       1.02397311    
  -2.38759112       1.02109718    
  -2.34686160       1.01823580    
  -2.30624771       1.01534700    
  -2.26575208       1.01238859    
  -2.22537923       1.00931883    
  -2.18513536       1.00609624    
  -2.14502811       1.00267971    
  -2.10506701      0.999028444    
  -2.06526279      0.995102525    
  -2.02562833      0.990862429    
  -1.98617756      0.986269653    
  -1.94692612      0.981286645    
  -1.90789104      0.975876749    
  -1.86909080      0.970004737    
  -1.83054531      0.963636696    
  -1.79227567      0.956740260    
  -1.75430429      0.949284911    
  -1.71665466      0.941241980    
  -1.67935133      0.932584703    
  -1.64241982      0.923288822    
  -1.60588658      0.913332283    
  -1.56977880      0.902695596    
  -1.53412437      0.891362131    
  -1.49895167      0.879317999    
  -1.46428955      0.866552234    
  -1.43016732      0.853057146    
  -1.39661419      0.838828087    
  -1.36365962      0.823863685    
  -1.33133292      0.808165967    
  -1.29966331      0.791740417    
  -1.26867950      0.774595737    
  -1.23840976      0.756744206    
  -1.20888174      0.738201499    
  -1.18012226      0.718986571    
  -1.15215743      0.699121833    
  -1.12501216      0.678632736    
  -1.09871030      0.657547951    
  -1.07327437      0.635899186    
  -1.04872549      0.613721013    
  -1.02508342      0.591050684    
  -1.00236630      0.567928076    
 -0.980590463      0.544395387    
 -0.959770560      0.520496964    
 -0.939919412      0.496279269    
 -0.921047807      0.471790433    
 -0.903164625      0.447080225    
 -0.886276662      0.422199696    
 -0.870388627      0.397201121    
 -0.855503142      0.372137576    
 -0.841620624      0.347062886    
 -0.828739345      0.322031349    
 -0.816855431      0.297097504    
 -0.805962801      0.272315949    
 -0.796053171      0.247741133    
 -0.787116110      0.223427132    
 -0.779139042      0.199427471    
 -0.772107244      0.175794989    
 -0.766003966      0.152581617    
 -0.760810435      0.129838213    
 -0.756505847      0.107614443    
 -0.753067493       8.59586000E-02
 -0.750470817       6.49174973E-02
 -0.748689353       4.45363596E-02
 -0.747695029       2.48586498E-02
 -0.747457981       5.92602603E-03
 -0.747946858      -1.22217387E-02
 -0.749128759      -2.95469202E-02
 -0.750969291      -4.60138358E-02
 -0.753432870      -6.15888834E-02
 -0.756482482      -7.62407109E-02
 -0.760080099      -8.99401456E-02
 -0.764186502     -0.102660201    
 -0.768761575     -0.114376254    
 -0.773764193     -0.125065893    
 -0.779152572     -0.134708956    
 -0.784884095     -0.143287614    
 -0.790915549     -0.150786266    
 -0.797203183     -0.157191470    
 -0.803702891     -0.162492096    
 -0.810370028     -0.166679144    
 -0.817159832     -0.169745639    
 -0.824027300     -0.171686843    
 -0.830927312     -0.172499940    
 -0.837814689     -0.172184050    
 -0.844644308     -0.170740336    
 -0.851371169     -0.168171719    
 -0.857950509     -0.164482877    
 -0.864337742     -0.159680337    
 -0.870488644     -0.153772220    
 -0.876359344     -0.146768212    
 -0.881906509     -0.138679653    
 -0.887087286     -0.129519343    
 -0.891859353     -0.119301416    
 -0.896180987     -0.108041577    
 -0.900011241      -9.57568064E-02
 -0.903309882      -8.24652910E-02
 -0.906037331      -6.81866854E-02
 -0.908155024      -5.29417992E-02
 -0.909625113      -3.67525890E-02
 -0.910410821      -1.96424052E-02
 -0.910476267      -1.63571537E-03
 -0.909786582       1.72418933E-02
 -0.908308029       3.69634479E-02
 -0.906008005       5.75008392E-02
 -0.902855039       7.88248032E-02
 -0.898818851      0.100904644    
 -0.893870533      0.123708457    
 -0.887982428      0.147203103    
 -0.881128252      0.171353921    
 -0.873283267      0.196125031    
 -0.864424109      0.221478939    
 -0.854529023      0.247376755    
 -0.843577921      0.273778200    
 -0.831552267      0.300641239    
 -0.818435371      0.327922374    
 -0.804212332      0.355576605    
 -0.788870037      0.383557111    
 -0.772397399      0.411815524    
 -0.754785299      0.440301985    
 -0.736026704      0.468964815    
 -0.716116667      0.497750849    
 -0.695052445      0.526605487    
 -0.672833562      0.555472553    
 -0.649461806      0.584294438    
 -0.624941289      0.613012493    
 -0.599278629      0.641566753    
 -0.572482765      0.669896305    
 -0.544565201      0.697939515    
 -0.515539825      0.725634098    
 -0.485423118      0.752917409    
 -0.454234034      0.779726863    
 -0.421994030      0.805999935    
 -0.388727039      0.831674576    
 -0.354459465      0.856689692    
 -0.319220066      0.880985379    
 -0.283039927      0.904503286    
 -0.245952457      0.927186728    
 -0.207993194      0.948981702    
 -0.169199735      0.969836712    
 -0.129611611      0.989703178    
  -8.92701596E-02   1.00853622    
  -4.82183769E-02   1.02629459    
  -6.50073960E-03   1.04294097    
   3.58369723E-02   1.05844283    
   7.87478611E-02   1.07277226    
  0.122184098       1.08590591    
  0.166097134       1.09782588    
  0.210437924       1.10851955    
  0.255157113       1.11797941    
  0.300205261       1.12620354    
  0.345533073       1.13319540    
  0.391091615       1.13896358    
  0.436832488       1.14352214    
  0.482708097       1.14688993    
  0.528671741       1.14909065    
  0.574677825       1.15015268    
  0.620682180       1.15010858    
  0.666641951       1.14899468    
  0.712516010       1.14685094    
  0.758264840       1.14372039    
  0.803850770       1.13964856    
  0.849238098       1.13468361    
  0.894393086       1.12887537    
  0.939284086       1.12227488    
  0.983881474       1.11493433    
   1.02815771       1.10690641    
   1.07208741       1.09824383    
   1.11564732       1.08899915    
   1.15881634       1.07922423    
   1.20157516       1.06897008    
   1.24390662       1.05828631    
   1.28579545       1.04722106    
   1.32722831       1.03582072    
   1.36819351       1.02412963    
   1.40868115       1.01218998    
   1.44868279       1.00004172    
   1.48819172      0.987722099    
   1.52720237      0.975266039    
   1.56571054      0.962705851    
   1.60371339      0.950071156    
   1.64120889      0.937388897    
   1.67819619      0.924683452    
   1.71467531      0.911976516    
   1.75064683      0.899287164    
   1.78611207      0.886631966    
   1.82107306      0.874025106    
   1.85553217      0.861478329    
   1.88949215      0.849000990    
   1.92295623      0.836600482    
   1.95592749      0.824281871    
   1.98840940      0.812048316    
   2.02040553      0.799901128    
   2.05191922      0.787839770    
   2.08295369      0.775861979    
   2.11351228      0.763964176    
   2.14359784      0.752140999    
   2.17321324      0.740385830    
   2.20236087      0.728690982    
   2.23104286      0.717047334    
   2.25926065      0.705444813    
   2.28701544      0.693872452    
   2.31430817      0.682318211    
   2.34113884      0.670769393    
   2.36750746      0.659212649    
   2.39341283      0.647633672    
   2.41885352      0.636017740    
   2.44382763      0.624349713    
   2.46833229      0.612613797    
   2.49236393      0.600793898    
   2.51591897      0.588873684    
   2.53899240      0.576836228    
   2.56157899      0.564664602    
   2.58367276      0.552341700    
   2.60526681      0.539849997    
   2.62635374      0.527171969    
   2.64692545      0.514290214    
   2.66697288      0.501186848    
   2.68648672      0.487844259    
   2.70545650      0.474244922    
   2.72387123      0.460370988    
   2.74171948      0.446204841    
   2.75898862      0.431729108    
   2.77566576      0.416926146    
   2.79173684      0.401778609    
   2.80718756      0.386269420    
   2.82200289      0.370381325    
   2.83616686      0.354097366    
   2.84966278      0.337400913    
   2.86247373      0.320275158    
   2.87458181      0.302703619    
   2.88596869      0.284670174    
   2.89661503      0.266158551    
   2.90650105      0.247152790    
   2.91560650      0.227637321    
   2.92391038      0.207596362    
   2.93139100      0.187014505    
   2.93802595      0.165876672    
   2.94379258      0.144167572    
   2.94866753      0.121872261    
   2.95262647       9.89761055E-02
   2.95564508       7.54642338E-02
   2.95769787       5.13220765E-02
   2.95875931       2.65353322E-02
   2.95880294       1.08944997E-03
   2.95780182      -2.50298716E-02
   2.95572829      -5.18366992E-02
   2.95255446      -7.93453828E-02
   2.94825172     -0.107570045    
   2.94279075     -0.136524588    
   2.93614173     -0.166223213    
   2.92827463     -0.196679875    
   2.91915822     -0.227908313    
   2.90876126     -0.259922475    
   2.89705181     -0.292736024    
   2.88399720     -0.326362342    
   2.86956453     -0.360814810    
   2.85372019     -0.396106392    
   2.83643031     -0.432249486    
   2.81766009     -0.469256252    
   2.79737449     -0.507138073    
   2.77553821     -0.545905352    
   2.75211549     -0.585567653    
   2.72707009     -0.626133204    
   2.70036578     -0.667608619    
   2.67196584     -0.709998727    
   2.64183354     -0.753306091    
   2.60993242     -0.797530472    
   2.57622576     -0.842668712    
   2.54067731     -0.888713896    
   2.50325108     -0.935654759    
   2.46391201     -0.983475387    
   2.42262578      -1.03215408    
   2.37935925      -1.08166265    
   2.33408070      -1.13196588    
   2.28675985      -1.18302023    
   2.23736882      -1.23477340    
   2.18588233      -1.28716290    
   2.13227773      -1.34011531    
   2.07653594      -1.39354527    
   2.01864171      -1.44735444    
   1.95858443      -1.50143075    
   1.89635849      -1.55564737    
   1.83196402      -1.60986233    
   1.76540732      -1.66391766    
   1.69670177      -1.71763933    
   1.62586832      -1.77083719    
   1.55293608      -1.82330513    
   1.47794318      -1.87482202    
   1.40093708      -1.92515254    
   1.32197511      -1.97404885    
   1.24112499      -2.02125263    
   1.15846503      -2.06649780    
   1.07408452      -2.10951328    
  0.988083482      -2.15002656    
  0.900572777      -2.18776822    
  0.811673760      -2.22247553    
  0.721517861      -2.25389767    
  0.630245864      -2.28180027    
  0.538007081      -2.30596972    
  0.444958359      -2.32621837    
  0.351262808      -2.34238863    
  0.257088542      -2.35435629    
  0.162607163      -2.36203432    
   6.79921806E-02  -2.36537457    
  -2.65825838E-02  -2.36436915    
 -0.120944642      -2.35905147    
 -0.214924440      -2.34949493    
 -0.308356911      -2.33581209    
 -0.401082993      -2.31815195    
 -0.492950857      -2.29669666    
 -0.583817124      -2.27165747    
 -0.673547983      -2.24327111    
 -0.762019753      -2.21179390    
 -0.849119663      -2.17749763    
 -0.934746265      -2.14066434    
  -1.01880956      -2.10158134    
  -1.10123098      -2.06053638    
  -1.18194354      -2.01781392    
  -1.26089120      -1.97369158    
  -1.33802867      -1.92843592    
  -1.41332066      -1.88230062    
  -1.48674166      -1.83552408    
  -1.55827475      -1.78832757    
  -1.62791133      -1.74091411    
  -1.69565010      -1.69346821    
  -1.76149631      -1.64615512    
  -1.82546115      -1.59912097    
  -1.88756084      -1.55249369    
  -1.94781613      -1.50638294    
  -2.00625134      -1.46088135    
  -2.06289387      -1.41606569    
  -2.11777377      -1.37199712    
  -2.17092276      -1.32872331    
  -2.22237396      -1.28627908    
  -2.27216148      -1.24468756    
  -2.32031989      -1.20396149    
  -2.36688399      -1.16410470    
  -2.41188860      -1.12511218    
  -2.45536757      -1.08697212    
  -2.49735427      -1.04966652    
  -2.53788114      -1.01317167    
  -2.57697964     -0.977459610    
  -2.61467957     -0.942498684    
  -2.65100980     -0.908253789    
  -2.68599725     -0.874687493    
  -2.71966767     -0.841760516    
  -2.75204492     -0.809431911    
  -2.78315139     -0.777659714    
  -2.81300735     -0.746401608    
  -2.84163189     -0.715614498    
  -2.86904216     -0.685255527    
  -2.89525342     -0.655282199    
  -2.92027950     -0.625652134    
  -2.94413257     -0.596323729    
  -2.96682286     -0.567256331    
  -2.98835921     -0.538409770    
  -3.00874901     -0.509745121    
  -3.02799797     -0.481224626    
  -3.04611039     -0.452811390    
  -3.06308913     -0.424469829    
  -3.07893586     -0.396165729    
  -3.09365058     -0.367865711    
  -3.10723209     -0.339537829    
  -3.11967826     -0.311151475    
  -3.13098526     -0.282676876    
  -3.14114857     -0.254085541    
  -3.15016270     -0.225350320    
  -3.15802050     -0.196444750    
  -3.16471434     -0.167343572    
  -3.17023516     -0.138022617    
  -3.17457342     -0.108458333    
  -3.17771864      -7.86281452E-02
  -3.17965913      -4.85104099E-02
  -3.18038249      -1.80838872E-02
  -3.17987561       1.26718618E-02
  -3.17812467       4.37765755E-02
  -3.17511463       7.52497464E-02
  -3.17083025      0.107110307    
  -3.16525507      0.139376670    
  -3.15837240      0.172067180    
  -3.15016437      0.205199763    
  -3.14061260      0.238792032    
  -3.12969804      0.272861630    
  -3.11740088      0.307425916    
  -3.10370088      0.342502087    
  -3.08857656      0.378107131    
  -3.07200623      0.414258063    
  -3.05396748      0.450971574    
  -3.03443694      0.488264084    
  -3.01339078      0.526151836    
  -2.99080467      0.564650595    
  -2.96665359      0.603775501    
  -2.94091201      0.643541098    
  -2.91355348      0.683960915    
  -2.88455153      0.725047350    
  -2.85387897      0.766811430    
  -2.82150841      0.809262335    
  -2.78741217      0.852407098    
  -2.75156212      0.896250248    
  -2.71393037      0.940793097    
  -2.67448902      0.986033380    
  -2.63321042       1.03196466    
  -2.59006739       1.07857537    
  -2.54503345       1.12584829    
  -2.49808311       1.17375982    
  -2.44919205       1.22227883    
  -2.39833736       1.27136600    
  -2.34549856       1.32097256    
  -2.29065704       1.37103975    
  -2.23379707       1.42149734    
  -2.17490649       1.47226286    
  -2.11397696       1.52324045    
  -2.05100417       1.57432032    
  -1.98598909       1.62537742    
  -1.91893828       1.67627120    
  -1.84986448       1.72684491    
  -1.77878749       1.77692509    
  -1.70573461       1.82632220    
  -1.63074136       1.87483037    
  -1.55385220       1.92222822    
  -1.47512102       1.96828043    
  -1.39461148       2.01273918    
  -1.31239772       2.05534554    
  -1.22856438       2.09583330    
  -1.14320707       2.13393164    
  -1.05643237       2.16936803    
 -0.968357444       2.20187330    
 -0.879110038       2.23118544    
 -0.788827896       2.25705409    
 -0.697658062       2.27924538    
 -0.605756164       2.29754710    
 -0.513285279       2.31177211    
 -0.420414746       2.32176352    
