   3.99999991E-02  -6.90776062    
   7.99999982E-02  -6.90935659    
  0.119999997      -6.91251040    
  0.159999996      -6.91720772    
  0.199999988      -6.92343235    
  0.239999980      -6.93117428    
  0.279999971      -6.94042301    
  0.319999963      -6.95117283    
  0.359999955      -6.96342516    
  0.399999946      -6.97719431    
  0.439999938      -6.99249268    
  0.479999930      -7.00933123    
  0.519999921      -7.02772522    
  0.559999943      -7.04770613    
  0.599999964      -7.06930256    
  0.639999986      -7.09254837    
  0.680000007      -7.11750507    
  0.720000029      -7.14419460    
  0.760000050      -7.17270327    
  0.800000072      -7.20306873    
  0.840000093      -7.23539829    
  0.880000114      -7.26977062    
  0.920000136      -7.30627632    
  0.960000157      -7.34501839    
   1.00000012      -7.38613939    
   1.04000008      -7.42980242    
   1.08000004      -7.47616959    
   1.12000000      -7.52542686    
   1.15999997      -7.57781887    
   1.19999993      -7.63363171    
   1.23999989      -7.69316959    
   1.27999985      -7.75689554    
   1.31999981      -7.82514715    
   1.35999978      -7.89856148    
   1.39999974      -7.97779512    
   1.43999970      -8.06375599    
   1.47999966      -8.15739155    
   1.51999962      -8.26036358    
   1.55999959      -8.37426376    
   1.59999955      -8.50179863    
   1.63999951      -8.64648056    
   1.67999947      -8.81388950    
   1.71999943      -9.01237965    
   1.75999939      -9.25652409    
   1.79999936      -9.57505608    
   1.83999932      -10.0343018    
   1.87999928      -10.8861389    
   1.91999924      -12.0303621    
   1.95999920      -10.4109735    
   1.99999917      -9.83091736    
   2.03999925      -9.47391033    
   2.07999921      -9.21675110    
   2.11999917      -9.01728153    
   2.15999913      -8.85481167    
   2.19999909      -8.71908951    
   2.23999906      -8.60252285    
   2.27999902      -8.50135803    
   2.31999898      -8.41217327    
   2.35999894      -8.33301830    
   2.39999890      -8.26197815    
   2.43999887      -8.19781494    
   2.47999883      -8.13956261    
   2.51999879      -8.08645248    
   2.55999875      -8.03768158    
   2.59999871      -7.99329376    
   2.63999867      -7.95214701    
   2.67999864      -7.91425610    
   2.71999860      -7.87900734    
   2.75999856      -7.84648180    
   2.79999852      -7.81616259    
   2.83999848      -7.78788519    
   2.87999845      -7.76150417    
   2.91999841      -7.73662043    
   2.95999837      -7.71340752    
   2.99999833      -7.69176531    
   3.03999829      -7.67134809    
   3.07999825      -7.65184164    
   3.11999822      -7.63344669    
   3.15999818      -7.61611032    
   3.19999814      -7.59978342    
   3.23999810      -7.58418751    
   3.27999806      -7.56906223    
   3.31999803      -7.55461740    
   3.35999799      -7.54082727    
   3.39999795      -7.52744627    
   3.43999791      -7.51467896    
   3.47999787      -7.50228882    
   3.51999784      -7.49005032    
   3.55999780      -7.47838163    
   3.59999776      -7.46684742    
   3.63999772      -7.45544481    
   3.67999768      -7.44437456    
   3.71999764      -7.43322420    
   3.75999761      -7.42219639    
   3.79999757      -7.41148615    
   3.83999753      -7.40088987    
   3.87999749      -7.39001799    
   3.91999745      -7.37926292    
   3.95999742      -7.36862278    
   3.99999738      -7.35772038    
   4.03999758      -7.34693527    
   4.07999754      -7.33608294    
   4.11999750      -7.32516575    
   4.15999746      -7.31400824    
   4.19999743      -7.30279732    
   4.23999739      -7.29153538    
   4.27999735      -7.28022623    
   4.31999731      -7.26870108    
   4.35999727      -7.25713825    
   4.39999723      -7.24537373    
   4.43999720      -7.23358059    
   4.47999716      -7.22176123    
   4.51999712      -7.20975828    
   4.55999708      -7.19773769    
   4.59999704      -7.18554544    
   4.63999701      -7.17334414    
   4.67999697      -7.16098309    
   4.71999693      -7.14862156    
   4.75999689      -7.13626051    
   4.79999685      -7.12390280    
   4.83999681      -7.11154985    
   4.87999678      -7.09920311    
   4.91999674      -7.08686447    
   4.95999670      -7.07467604    
   4.99999666      -7.06263447    
   5.03999662      -7.05059862    
   5.07999659      -7.03884172    
   5.11999655      -7.02708721    
   5.15999651      -7.01560211    
   5.19999647      -7.00437880    
   5.23999643      -6.99353933    
   5.27999640      -6.98294497    
   5.31999636      -6.97271585    
   5.35999632      -6.96284246    
   5.39999628      -6.95331526    
   5.43999624      -6.94437218    
   5.47999620      -6.93587589    
   5.51999617      -6.92793798    
   5.55999613      -6.92066622    
   5.59999609      -6.91392660    
   5.63999605      -6.90782785    
   5.67999601      -6.90247726    
   5.71999598      -6.89798117    
   5.75999594      -6.89421082    
   5.79999590      -6.89139223    
   5.83999586      -6.88945913    
   5.87999582      -6.88852310    
   5.91999578      -6.88858175    
   5.95999575      -6.88969326    
   5.99999571      -6.89192009    
   6.03999567      -6.89538765    
   6.07999563      -6.90004921    
   6.11999559      -6.90592194    
   6.15999556      -6.91311693    
   6.19999552      -6.92169333    
   6.23999548      -6.93162441    
   6.27999544      -6.94298172    
   6.31999540      -6.95581341    
   6.35999537      -6.97014332    
   6.39999533      -6.98598576    
   6.43999529      -7.00338602    
   6.47999525      -7.02236366    
   6.51999521      -7.04294443    
   6.55999517      -7.06514263    
   6.59999514      -7.08896971    
   6.63999510      -7.11447716    
   6.67999506      -7.14166832    
   6.71999502      -7.17047215    
   6.75999498      -7.20100880    
   6.79999495      -7.23333263    
   6.83999491      -7.26733398    
   6.87999487      -7.30306292    
   6.91999483      -7.34048319    
   6.95999479      -7.37974072    
   6.99999475      -7.42080164    
   7.03999472      -7.46372509    
   7.07999468      -7.50835609    
   7.11999464      -7.55484533    
   7.15999460      -7.60312319    
   7.19999456      -7.65334797    
   7.23999453      -7.70596457    
   7.27999449      -7.76066446    
   7.31999445      -7.81734610    
   7.35999441      -7.87649155    
   7.39999437      -7.93801975    
   7.43999434      -8.00215721    
   7.47999430      -8.06916809    
   7.51999426      -8.13935852    
   7.55999422      -8.21308994    
   7.59999418      -8.29078960    
   7.63999414      -8.37194157    
   7.67999411      -8.45801640    
   7.71999407      -8.54973793    
   7.75999403      -8.64800739    
   7.79999399      -8.75397205    
   7.83999395      -8.86911583    
   7.87999392      -8.99540901    
   7.91999388      -9.13555622    
   7.95999384      -9.29340076    
   7.99999380      -9.47468662    
   8.03999424      -9.69240952    
   8.07999420      -9.96097088    
   8.11999416      -10.3219843    
   8.15999413      -10.8672113    
   8.19999409      -12.0711842    
   8.23999405      -11.7835016    
   8.27999401      -10.7948904    
   8.31999397      -10.3075953    
   8.35999393      -9.98654747    
   8.39999390      -9.74390602    
   8.43999386      -9.55214405    
   8.47999382      -9.39416599    
   8.51999378      -9.26027679    
   8.55999374      -9.14221478    
   8.59999371      -9.03663158    
   8.63999367      -8.94296265    
   8.67999363      -8.85732079    
   8.71999359      -8.77689171    
   8.75999355      -8.70388794    
   8.79999352      -8.63451195    
   8.83999348      -8.57089615    
   8.87999344      -8.50990105    
   8.91999340      -8.45129776    
   8.95999336      -8.39593887    
   8.99999332      -8.34348488    
   9.03999329      -8.29364491    
   9.07999325      -8.24526405    
   9.11999321      -8.19824886    
   9.15999317      -8.15334511    
   9.19999313      -8.10957718    
   9.23999310      -8.06688595    
   9.27999306      -8.02594185    
   9.31999302      -7.98590851    
   9.35999298      -7.94741583    
   9.39999294      -7.90970039    
   9.43999290      -7.87272978    
   9.47999287      -7.83707762    
   9.51999283      -7.80265284    
   9.55999279      -7.76937389    
   9.59999275      -7.73607445    
   9.63999271      -7.70384836    
   9.67999268      -7.67160416    
   9.71999264      -7.64135981    
   9.75999260      -7.61200380    
   9.79999256      -7.58348465    
   9.83999252      -7.55575657    
   9.87999249      -7.52877617    
   9.91999245      -7.50336981    
   9.95999241      -7.47774935    
   9.99999237      -7.45359135    
   10.0399923      -7.43000364    
   10.0799923      -7.40774488    
   10.1199923      -7.38597107    
   10.1599922      -7.36541462    
   10.1999922      -7.34601116    
   10.2399921      -7.32770252    
   10.2799921      -7.31043577    
   10.3199921      -7.29416370    
   10.3599920      -7.27953434    
   10.3999920      -7.26579809    
   10.4399920      -7.25292063    
   10.4799919      -7.24153805    
   10.5199919      -7.23094177    
   10.5599918      -7.22110891    
   10.5999918      -7.21331167    
   10.6399918      -7.20557451    
   10.6799917      -7.19981098    
   10.7199917      -7.19535112    
   10.7599916      -7.19154358    
   10.7999916      -7.18964577    
   10.8399916      -7.18838215    
   10.8799915      -7.18838215    
   10.9199915      -7.18964577    
   10.9599915      -7.19217730    
   10.9999914      -7.19598675    
   11.0399914      -7.20108891    
   11.0799913      -7.20750332    
   11.1199913      -7.21525526    
   11.1599913      -7.22437572    
   11.1999912      -7.23424101    
   11.2399912      -7.24554062    
   11.2799911      -7.25832272    
   11.3199911      -7.27264261    
   11.3599911      -7.28856516    
   11.3999910      -7.30545521    
   11.4399910      -7.32408047    
   11.4799910      -7.34453392    
   11.5199909      -7.36692286    
   11.5599909      -7.38982487    
   11.5999908      -7.41484547    
   11.6399908      -7.44132137    
   11.6799908      -7.47018909    
   11.7199907      -7.49991560    
   11.7599907      -7.53233194    
   11.7999907      -7.56675529    
   11.8399906      -7.60336208    
   11.8799906      -7.64135981    
   11.9199905      -7.68189240    
   11.9599905      -7.72521639    
   11.9999905      -7.77050304    
   12.0399904      -7.81912374    
   12.0799904      -7.87022972    
   12.1199903      -7.92408895    
   12.1599903      -7.98241043    
   12.1999903      -8.04434586    
   12.2399902      -8.11037064    
   12.2799902      -8.18106556    
   12.3199902      -8.25898170    
   12.3599901      -8.34148312    
   12.3999901      -8.43140697    
   12.4399900      -8.53022480    
   12.4799900      -8.63988876    
   12.5199900      -8.76307678    
   12.5599899      -8.90009880    
   12.5999899      -9.05892277    
   12.6399899      -9.24288464    
   12.6799898      -9.46849442    
   12.7199898      -9.75206947    
   12.7599897      -10.1372499    
   12.7999897      -10.7719011    
   12.8399897      -12.7643309    
   12.8799896      -11.0903549    
   12.9199896      -10.3219843    
   12.9599895      -9.90213013    
   12.9999895      -9.61444855    
   13.0399895      -9.39703560    
   13.0799894      -9.22337246    
   13.1199894      -9.07545185    
   13.1599894      -8.95397186    
   13.1999893      -8.84898090    
   13.2399893      -8.75699806    
   13.2799892      -8.67276859    
   13.3199892      -8.60025311    
   13.3599892      -8.53264332    
   13.3999891      -8.47387218    
   13.4399891      -8.41836357    
   13.4799891      -8.36782646    
   13.5199890      -8.32168007    
   13.5599890      -8.27944756    
   13.5999889      -8.24073315    
   13.6399889      -8.20520496    
   13.6799889      -8.17258453    
   13.7199888      -8.14263153    
   13.7599888      -8.11355019    
   13.7999887      -8.08684063    
   13.8399887      -8.06233692    
   13.8799887      -8.03989792    
   13.9199886      -8.01939964    
   13.9599886      -8.00073433    
   13.9999886      -7.98241043    
   14.0399885      -7.96578979    
   14.0799885      -7.94944048    
   14.1199884      -7.93601751    
   14.1599884      -7.92277241    
   14.1999884      -7.91099977    
   14.2399883      -7.90065050    
   14.2799883      -7.89168167    
   14.3199883      -7.88405800    
   14.3599882      -7.87649155    
   14.3999882      -7.87022972    
   14.4399881      -7.86400700    
   14.4799881      -7.86029196    
   14.5199881      -7.85659027    
   14.5599880      -7.85413027    
   14.5999880      -7.85167646    
   14.6399879      -7.85167646    
   14.6799879      -7.85167646    
   14.7199879      -7.85290289    
   14.7599878      -7.85535955    
   14.7999878      -7.85905647    
   14.8399878      -7.86400700    
   14.8799877      -7.86898232    
   14.9199877      -7.87523603    
   14.9599876      -7.88279295    
   14.9999876      -7.89168167    
   15.0399876      -7.90193844    
   15.0799875      -7.91230106    
   15.1199875      -7.92408895    
   15.1599874      -7.93735170    
   15.1999874      -7.95214701    
   15.2399874      -7.96716452    
   15.2799873      -7.98520803    
   15.3199873      -8.00358295    
   15.3599873      -8.02375603    
   15.3999872      -8.04583263    
   15.4399872      -8.06993008    
   15.4799871      -8.09462261    
   15.5199871      -8.12154388    
   15.5599871      -8.15086269    
   15.5999870      -8.18106556    
   15.6399870      -8.21396923    
   15.6799870      -8.24981594    
   15.7199869      -8.28699493    
   15.7599869      -8.32560921    
   15.7999868      -8.36782646    
   15.8399868      -8.41190529    
   15.8799868      -8.45801640    
   15.9199867      -8.50871849    
   15.9599867      -8.56212902    
   15.9999866      -8.61855412    
   16.0399876      -8.67835522    
   16.0799885      -8.74196053    
   16.1199894      -8.80988789    
   16.1599903      -8.88276768    
   16.1999912      -8.96137905    
   16.2399921      -9.04670238    
   16.2799931      -9.13555622    
   16.3199940      -9.23797035    
   16.3599949      -9.34660435    
   16.3999958      -9.46849442    
   16.4399967      -9.60733128    
   16.4799976      -9.76030064    
   16.5199986      -9.95092106    
   16.5599995      -10.1740637    
   16.6000004      -10.4617462    
   16.6400013      -10.8425188    
   16.6800022      -11.4650488    
   16.7200031      -13.4574785    
   16.7600040      -11.9170332    
   16.8000050      -11.1221037    
   16.8400059      -10.6848898    
   16.8800068      -10.3972073    
   16.9200077      -10.1740637    
   16.9600086      -9.98137951    
   17.0000095      -9.83759212    
   17.0400105      -9.70406055    
   17.0800114      -9.60026360    
   17.1200123      -9.50623512    
   17.1600132      -9.42029190    
   17.2000141      -9.34115505    
   17.2400150      -9.25777340    
   17.2800159      -9.19011497    
   17.3200169      -9.12674522    
   17.3600178      -9.06715298    
   17.4000187      -9.01091290    
   17.4400196      -8.95766926    
   17.4800205      -8.90711689    
   17.5200214      -8.85899734    
   17.5600224      -8.81308746    
   17.6000233      -8.76919365    
   17.6400242      -8.72714520    
   17.6800251      -8.68679428    
   17.7200260      -8.64800739    
   17.7600269      -8.61067009    
   17.8000278      -8.56963921    
   17.8400288      -8.53022480    
   17.8800297      -8.49696732    
   17.9200306      -8.46478081    
   17.9600315      -8.42922115    
   18.0000324      -8.39488316    
   18.0400333      -8.36168575    
   18.0800343      -8.32560921    
   18.1200352      -8.29459953    
   18.1600361      -8.26452160    
   18.2000370      -8.23173141    
   18.2400379      -8.19998360    
   18.2800388      -8.16584969    
   18.3200397      -8.13284397    
   18.3600407      -8.10089207    
   18.4000416      -8.06993008    
   18.4400425      -8.03694344    
   18.4800434      -8.00787163    
   18.5200443      -7.97683954    
   18.5600452      -7.94674158    
   18.6000462      -7.91490841    
   18.6400471      -7.88405800    
   18.6800480      -7.85413027    
   18.7200489      -7.82268906    
   18.7600498      -7.78989887    
   18.8000507      -7.75815058    
   18.8400517      -7.72737885    
   18.8800526      -7.69752598    
   18.9200535      -7.66649961    
   18.9600544      -7.63443279    
   19.0000553      -7.60336208    
   19.0400562      -7.57137442    
   19.0800571      -7.54037857    
   19.1200581      -7.50857353    
   19.1600590      -7.47774935    
   19.2000599      -7.44621134    
   19.2400608      -7.41405439    
   19.2800617      -7.38289928    
   19.3200626      -7.35119820    
   19.3600636      -7.32047176    
   19.4000645      -7.29066086    
   19.4400654      -7.25899982    
   19.4800663      -7.22831011    
   19.5200672      -7.19725990    
   19.5600681      -7.16590929    
   19.6000690      -7.13551188    
   19.6400700      -7.10484934    
   19.6800709      -7.07397175    
   19.7200718      -7.04292727    
   19.7600727      -7.01281738    
   19.8000736      -6.98255968    
   19.8400745      -6.95219278    
   19.8800755      -6.92078686    
   19.9200764      -6.89033747    
   19.9600773      -6.85987806    
   20.0000782      -6.82943726    
   20.0400791      -6.79903984    
   20.0800800      -6.76870871    
   20.1200809      -6.73927069    
   20.1600819      -6.70910978    
   20.2000828      -6.67907286    
   20.2400837      -6.64917517    
   20.2800846      -6.61943054    
   20.3200855      -6.58915710    
   20.3600864      -6.55910015    
   20.4000874      -6.52926731    
   20.4400883      -6.49903011    
   20.4800892      -6.46906519    
   20.5200901      -6.43937540    
   20.5600910      -6.40938187    
   20.6000919      -6.37913704    
   20.6400928      -6.34978008    
   20.6800938      -6.31967020    
   20.7200947      -6.28941250    
   20.7600956      -6.25954437    
   20.8000965      -6.22957373    
   20.8400974      -6.20000553    
   20.8800983      -6.16991806    
   20.9200993      -6.13982344    
   20.9601002      -6.10974932    
   21.0001011      -6.07971954    
   21.0401020      -6.04935217    
   21.0801029      -6.01909494    
   21.1201038      -5.98896503    
   21.1601048      -5.95860863    
   21.2001057      -5.92843008    
   21.2401066      -5.89774513    
   21.2801075      -5.86730003    
   21.3201084      -5.83677340    
   21.3601093      -5.80620003    
   21.4001102      -5.77561045    
   21.4401112      -5.74503469    
   21.4801121      -5.71420860    
   21.5201130      -5.68318319    
   21.5601139      -5.65227556    
   21.6001148      -5.62150383    
   21.6401157      -5.59062862    
   21.6801167      -5.55968666    
   21.7201176      -5.52895260    
   21.7601185      -5.49820232    
   21.8001194      -5.46746635    
   21.8401203      -5.43676996    
   21.8801212      -5.40613747    
   21.9201221      -5.37559128    
   21.9601231      -5.34515047    
   22.0001240      -5.31502724    
   22.0401249      -5.28503180    
   22.0801258      -5.25536156    
   22.1201267      -5.22583628    
   22.1601276      -5.19664097    
   22.2001286      -5.16777182    
   22.2401295      -5.13938665    
   22.2801304      -5.11146927    
   22.3201313      -5.08415556    
   22.3601322      -5.05741835    
   22.4001331      -5.03108549    
   22.4401340      -5.00542831    
   22.4801350      -4.98055172    
   22.5201359      -4.95648241    
   22.5601368      -4.93324327    
   22.6001377      -4.91092062    
   22.6401386      -4.88952875    
   22.6801395      -4.86920595    
   22.7201405      -4.84995699    
   22.7601414      -4.83184958    
   22.8001423      -4.81494570    
   22.8401432      -4.79924870    
   22.8801441      -4.78487825    
   22.9201450      -4.77183723    
   22.9601460      -4.76024437    
   23.0001469      -4.75005054    
   23.0401478      -4.74132538    
   23.0801487      -4.73408461    
   23.1201496      -4.72840500    
   23.1601505      -4.72426033    
   23.2001514      -4.72168541    
   23.2401524      -4.72066784    
   23.2801533      -4.72120333    
   23.3201542      -4.72334766    
   23.3601551      -4.72705746    
   23.4001560      -4.73229599    
   23.4401569      -4.73908758    
   23.4801579      -4.74735355    
   23.5201588      -4.75707531    
   23.5601597      -4.76829481    
   23.6001606      -4.78094816    
   23.6401615      -4.79497337    
   23.6801624      -4.81031036    
   23.7201633      -4.82695675    
   23.7601643      -4.84485388    
   23.8001652      -4.86394167    
   23.8401661      -4.88428307    
   23.8801670      -4.90575504    
   23.9201679      -4.92835665    
   23.9601688      -4.95202065    
   24.0001698      -4.97667265    
   24.0401707      -5.00237370    
   24.0801716      -5.02911663    
   24.1201725      -5.05674410    
   24.1601734      -5.08538818    
   24.2001743      -5.11495638    
   24.2401752      -5.14542532    
   24.2801762      -5.17685175    
   24.3201771      -5.20921087    
   24.3601780      -5.24256229    
   24.4001789      -5.27687740    
   24.4401798      -5.31212234    
   24.4801807      -5.34835386    
   24.5201817      -5.38563538    
   24.5601826      -5.42403650    
   24.6001835      -5.46363354    
   24.6401844      -5.50451183    
   24.6801853      -5.54664326    
   24.7201862      -5.59024525    
   24.7601871      -5.63530111    
   24.8001881      -5.68192291    
   24.8401890      -5.73038387    
   24.8801899      -5.78069592    
   24.9201908      -5.83334780    
   24.9601917      -5.88823891    
   25.0001926      -5.94577169    
   25.0401936      -6.00623703    
   25.0801945      -6.06997538    
   25.1201954      -6.13739300    
   25.1601963      -6.20897436    
   25.2001972      -6.28556585    
   25.2401981      -6.36740160    
   25.2801991      -6.45592928    
   25.3202000      -6.55172539    
   25.3602009      -6.65693712    
   25.4002018      -6.77286673    
   25.4402027      -6.90307045    
   25.4802036      -7.05059862    
   25.5202045      -7.22110891    
   25.5602055      -7.42439222    
   25.6002064      -7.67570686    
   25.6402073      -8.00644016    
   25.6802082      -8.49230576    
   25.7202091      -9.45014572    
   25.7602100      -10.0127964    
   25.8002110      -8.70388794    
   25.8402119      -8.16584969    
   25.8802128      -7.82388020    
   25.9202137      -7.57601500    
   25.9602146      -7.38289928    
   26.0002155      -7.22503042    
   26.0402164      -7.09272766    
   26.0802174      -6.97896910    
   26.1202183      -6.88054466    
   26.1602192      -6.79392004    
   26.2002201      -6.71735334    
   26.2402210      -6.64880705    
   26.2802219      -6.58707905    
   26.3202229      -6.53122854    
   26.3602238      -6.48081923    
   26.4002247      -6.43461037    
   26.4402256      -6.39243460    
   26.4802265      -6.35388231    
   26.5202274      -6.31834698    
   26.5602283      -6.28530979    
   26.6002293      -6.25506544    
   26.6402302      -6.22691536    
   26.6802311      -6.20047569    
   26.7202320      -6.17563391    
   26.7602329      -6.15251446    
   26.8002338      -6.13057423    
   26.8402348      -6.10974932    
   26.8802357      -6.08998060    
   26.9202366      -6.07100773    
   26.9602375      -6.05279350    
   27.0002384      -6.03510475    
   27.0402393      -6.01791906    
   27.0802402      -6.00121641    
   27.1202412      -5.98440933    
   27.1602421      -5.96825266    
   27.2002430      -5.95161963    
   27.2402439      -5.93525839    
   27.2802448      -5.91880608    
   27.3202457      -5.90227079    
   27.3602467      -5.88566160    
   27.4002476      -5.86864853    
   27.4402485      -5.85158873    
   27.4802494      -5.83416224    
   27.5202503      -5.81639433    
   27.5602512      -5.79830694    
   27.6002522      -5.77992392    
   27.6402531      -5.76126575    
   27.6802540      -5.74205780    
   27.7202549      -5.72233677    
   27.7602558      -5.70242548    
   27.8002567      -5.68206263    
   27.8402576      -5.66128349    
   27.8802586      -5.63985300    
   27.9202595      -5.61834669    
   27.9602604      -5.59626532    
   28.0002613      -5.57365513    
   28.0402622      -5.55056286    
   28.0802631      -5.52727222    
   28.1202641      -5.50334024    
   28.1602650      -5.47905350    
   28.2002659      -5.45467281    
   28.2402668      -5.42956686    
   28.2802677      -5.40422726    
   28.3202686      -5.37868690    
   28.3602695      -5.35277510    
   28.4002705      -5.32634020    
   28.4402714      -5.29982138    
   28.4802723      -5.27305794    
   28.5202732      -5.24590492    
   28.5602741      -5.21858931    
   28.6002750      -5.19097137    
   28.6402760      -5.16309547    
   28.6802769      -5.13516521    
   28.7202778      -5.10689116    
   28.7602787      -5.07847500    
   28.8002796      -5.04980278    
   28.8402805      -5.02091694    
   28.8802814      -4.99199963    
   28.9202824      -4.96294022    
   28.9602833      -4.93377304    
   29.0002842      -4.90440369    
   29.0402851      -4.87487221    
   29.0802860      -4.84521770    
   29.1202869      -4.81547499    
   29.1602879      -4.78579187    
   29.2002888      -4.75596571    
   29.2402897      -4.72603464    
   29.2802906      -4.69603300    
   29.3202915      -4.66599226    
   29.3602924      -4.63584423    
   29.4002934      -4.60571957    
   29.4402943      -4.57564211    
   29.4802952      -4.54545450    
   29.5202961      -4.51536608    
   29.5602970      -4.48522615    
   29.6002979      -4.45514679    
   29.6402988      -4.42506933    
   29.6802998      -4.39501953    
   29.7203007      -4.36502123    
   29.7603016      -4.33509541    
   29.8003025      -4.30526161    
   29.8403034      -4.27553749    
   29.8803043      -4.24593878    
   29.9203053      -4.21647978    
   29.9603062      -4.18717241    
   30.0003071      -4.15802908    
   30.0403080      -4.12917757    
   30.0803089      -4.10055876    
   30.1203098      -4.07223272    
   30.1603107      -4.04419708    
   30.2003117      -4.01650286    
   30.2403126      -3.98919392    
   30.2803135      -3.96231008    
   30.3203144      -3.93588614    
   30.3603153      -3.90999937    
   30.4003162      -3.88467336    
   30.4403172      -3.85997272    
   30.4803181      -3.83591199    
   30.5203190      -3.81258893    
   30.5603199      -3.79005098    
   30.6003208      -3.76836061    
   30.6403217      -3.74757576    
   30.6803226      -3.72774935    
   30.7203236      -3.70896983    
   30.7603245      -3.69128180    
   30.8003254      -3.67474723    
   30.8403263      -3.65944409    
   30.8803272      -3.64541197    
   30.9203281      -3.63270950    
   30.9603291      -3.62139583    
   31.0003300      -3.61151409    
   31.0403309      -3.60311127    
   31.0803318      -3.59622025    
   31.1203327      -3.59087968    
   31.1603336      -3.58709979    
   31.2003345      -3.58489704    
   31.2403355      -3.58429551    
   31.2803364      -3.58527517    
   31.3203373      -3.58784080    
   31.3603382      -3.59196973    
   31.4003391      -3.59761190    
   31.4403400      -3.60475802    
   31.4803410      -3.61335182    
   31.5203419      -3.62334108    
   31.5603428      -3.63465881    
   31.6003437      -3.64722157    
   31.6403446      -3.66098237    
   31.6803455      -3.67583847    
   31.7203465      -3.69168329    
   31.7603474      -3.70844436    
   31.8003483      -3.72600579    
   31.8403492      -3.74428415    
   31.8803501      -3.76314950    
   31.9203510      -3.78250313    
   31.9603519      -3.80223870    
   32.0003510      -3.82224083    
   32.0403519      -3.84238434    
   32.0803528      -3.86257887    
   32.1203537      -3.88268018    
   32.1603546      -3.90260315    
   32.2003555      -3.92220855    
   32.2403564      -3.94141960    
   32.2803574      -3.96013117    
   32.3203583      -3.97823119    
   32.3603592      -3.99560142    
   32.4003601      -4.01217127    
   32.4403610      -4.02784204    
   32.4803619      -4.04253864    
   32.5203629      -4.05618715    
   32.5603638      -4.06871319    
   32.6003647      -4.08005714    
   32.6403656      -4.09016275    
   32.6803665      -4.09897661    
   32.7203674      -4.10644913    
   32.7603683      -4.11254883    
   32.8003693      -4.11725092    
   32.8403702      -4.12053490    
   32.8803711      -4.12238693    
   32.9203720      -4.12279892    
   32.9603729      -4.12178373    
   33.0003738      -4.11933136    
   33.0403748      -4.11546659    
   33.0803757      -4.11022091    
   33.1203766      -4.10360050    
   33.1603775      -4.09564829    
   33.2003784      -4.08639479    
   33.2403793      -4.07586336    
   33.2803802      -4.06412220    
   33.3203812      -4.05120134    
   33.3603821      -4.03714752    
   33.4003830      -4.02200985    
   33.4403839      -4.00584030    
   33.4803848      -3.98867893    
   33.5203857      -3.97058010    
   33.5603867      -3.95158720    
   33.6003876      -3.93175578    
   33.6403885      -3.91113019    
   33.6803894      -3.88975501    
   33.7203903      -3.86768627    
   33.7603912      -3.84494495    
   33.8003922      -3.82158732    
   33.8403931      -3.79765606    
   33.8803940      -3.77318406    
   33.9203949      -3.74820280    
   33.9603958      -3.72275472    
   34.0003967      -3.69687057    
   34.0403976      -3.67057157    
   34.0803986      -3.64389753    
   34.1203995      -3.61687756    
   34.1604004      -3.58952308    
   34.2004013      -3.56186342    
   34.2404022      -3.53392696    
   34.2804031      -3.50573277    
   34.3204041      -3.47729230    
   34.3604050      -3.44862533    
   34.4004059      -3.41975141    
   34.4404068      -3.39069653    
   34.4804077      -3.36145782    
   34.5204086      -3.33206153    
   34.5604095      -3.30251265    
   34.6004105      -3.27283645    
   34.6404114      -3.24303794    
   34.6804123      -3.21312952    
   34.7204132      -3.18312883    
   34.7604141      -3.15304160    
   34.8004150      -3.12288523    
   34.8404160      -3.09268117    
   34.8804169      -3.06243491    
   34.9204178      -3.03216100    
   34.9604187      -3.00187469    
   35.0004196      -2.97159839    
   35.0404205      -2.94134903    
   35.0804214      -2.91114187    
   35.1204224      -2.88100386    
   35.1604233      -2.85095525    
   35.2004242      -2.82101822    
   35.2404251      -2.79122043    
   35.2804260      -2.76159072    
   35.3204269      -2.73216105    
   35.3604279      -2.70296431    
   35.4004288      -2.67403913    
   35.4404297      -2.64541984    
   35.4804306      -2.61715269    
   35.5204315      -2.58927846    
   35.5604324      -2.56185102    
   35.6004333      -2.53490901    
   35.6404343      -2.50850415    
   35.6804352      -2.48269844    
   35.7204361      -2.45755315    
   35.7604370      -2.43312263    
   35.8004379      -2.40947104    
   35.8404388      -2.38665628    
   35.8804398      -2.36474609    
   35.9204407      -2.34380245    
   35.9604416      -2.32389235    
   36.0004425      -2.30508304    
   36.0404434      -2.28743315    
   36.0804443      -2.27101278    
   36.1204453      -2.25587225    
   36.1604462      -2.24207902    
   36.2004471      -2.22967839    
   36.2404480      -2.21872234    
   36.2804489      -2.20925665    
   36.3204498      -2.20131373    
   36.3604507      -2.19493079    
   36.4004517      -2.19012976    
   36.4404526      -2.18692183    
   36.4804535      -2.18531346    
   36.5204544      -2.18530917    
   36.5604553      -2.18689632    
   36.6004562      -2.19005728    
   36.6404572      -2.19476795    
   36.6804581      -2.20098615    
   36.7204590      -2.20867491    
   36.7604599      -2.21777582    
   36.8004608      -2.22823858    
   36.8404617      -2.23999405    
   36.8804626      -2.25297308    
   36.9204636      -2.26709795    
   36.9604645      -2.28228951    
   37.0004654      -2.29846048    
   37.0404663      -2.31552005    
   37.0804672      -2.33337736    
   37.1204681      -2.35194492    
   37.1604691      -2.37112427    
   37.2004700      -2.39081931    
   37.2404709      -2.41093659    
   37.2804718      -2.43137455    
   37.3204727      -2.45203972    
   37.3604736      -2.47284126    
   37.4004745      -2.49368644    
   37.4404755      -2.51448011    
   37.4804764      -2.53513765    
   37.5204773      -2.55555511    
   37.5604782      -2.57566476    
   37.6004791      -2.59538174    
   37.6404800      -2.61463499    
   37.6804810      -2.63333631    
   37.7204819      -2.65143418    
   37.7604828      -2.66883326    
   37.8004837      -2.68550491    
   37.8404846      -2.70135021    
   37.8804855      -2.71635389    
   37.9204865      -2.73044443    
   37.9604874      -2.74357939    
   38.0004883      -2.75571823    
   38.0404892      -2.76683736    
   38.0804901      -2.77690101    
   38.1204910      -2.78589082    
   38.1604919      -2.79377723    
   38.2004929      -2.80054855    
   38.2404938      -2.80619788    
   38.2804947      -2.81073689    
   38.3204956      -2.81416702    
   38.3604965      -2.81649208    
   38.4004974      -2.81770444    
   38.4404984      -2.81784821    
   38.4804993      -2.81692266    
   38.5205002      -2.81497860    
   38.5605011      -2.81203771    
   38.6005020      -2.80812478    
   38.6405029      -2.80328274    
   38.6805038      -2.79755592    
   38.7205048      -2.79099131    
   38.7605057      -2.78363585    
   38.8005066      -2.77553797    
   38.8405075      -2.76673126    
   38.8805084      -2.75729489    
   38.9205093      -2.74727702    
   38.9605103      -2.73672533    
   39.0005112      -2.72571564    
   39.0405121      -2.71430779    
   39.0805130      -2.70255876    
   39.1205139      -2.69053864    
   39.1605148      -2.67831397    
   39.2005157      -2.66596246    
   39.2405167      -2.65353155    
   39.2805176      -2.64110613    
   39.3205185      -2.62875366    
   39.3605194      -2.61655211    
   39.4005203      -2.60456848    
   39.4405212      -2.59289265    
   39.4805222      -2.58158445    
   39.5205231      -2.57072711    
   39.5605240      -2.56039977    
   39.6005249      -2.55067873    
   39.6405258      -2.54163885    
   39.6805267      -2.53335834    
   39.7205276      -2.52590847    
   39.7605286      -2.51936030    
   39.8005295      -2.51379085    
   39.8405304      -2.50927758    
   39.8805313      -2.50587702    
   39.9205322      -2.50365305    
   39.9605331      -2.50267410    
   40.0005341      -2.50298858    
   40.0405350      -2.50464487    
   40.0805359      -2.50768995    
   40.1205368      -2.51216078    
   40.1605377      -2.51808786    
   40.2005386      -2.52550316    
   40.2405396      -2.53441596    
   40.2805405      -2.54484749    
   40.3205414      -2.55679011    
   40.3605423      -2.57024717    
   40.4005432      -2.58519626    
   40.4405441      -2.60162544    
   40.4805450      -2.61950016    
   40.5205460      -2.63879418    
   40.5605469      -2.65946198    
   40.6005478      -2.68145013    
   40.6405487      -2.70470929    
   40.6805496      -2.72917986    
   40.7205505      -2.75479603    
   40.7605515      -2.78148580    
   40.8005524      -2.80917668    
   40.8405533      -2.83779478    
   40.8805542      -2.86725593    
   40.9205551      -2.89747310    
   40.9605560      -2.92835569    
   41.0005569      -2.95981741    
   41.0405579      -2.99176908    
   41.0805588      -3.02411795    
   41.1205597      -3.05676746    
   41.1605606      -3.08961773    
   41.2005615      -3.12256575    
   41.2405624      -3.15551686    
   41.2805634      -3.18838763    
   41.3205643      -3.22106075    
   41.3605652      -3.25344205    
   41.4005661      -3.28542805    
   41.4405670      -3.31693125    
   41.4805679      -3.34784436    
   41.5205688      -3.37807178    
   41.5605698      -3.40751958    
   41.6005707      -3.43609691    
   41.6405716      -3.46370864    
   41.6805725      -3.49026537    
   41.7205734      -3.51568413    
   41.7605743      -3.53988266    
   41.8005753      -3.56278777    
   41.8405762      -3.58432984    
   41.8805771      -3.60443377    
   41.9205780      -3.62304640    
   41.9605789      -3.64012098    
   42.0005798      -3.65559936    
   42.0405807      -3.66944861    
   42.0805817      -3.68163490    
   42.1205826      -3.69214249    
   42.1605835      -3.70096469    
   42.2005844      -3.70807505    
   42.2405853      -3.71349478    
   42.2805862      -3.71722579    
   42.3205872      -3.71929812    
   42.3605881      -3.71974063    
   42.4005890      -3.71856093    
   42.4405899      -3.71582389    
   42.4805908      -3.71157122    
   42.5205917      -3.70583177    
   42.5605927      -3.69868922    
   42.6005936      -3.69018292    
   42.6405945      -3.68037653    
   42.6805954      -3.66934562    
   42.7205963      -3.65715027    
   42.7605972      -3.64385176    
   42.8005981      -3.62952304    
   42.8405991      -3.61421871    
   42.8806000      -3.59802127    
   42.9206009      -3.58098531    
   42.9606018      -3.56319141    
   43.0006027      -3.54468441    
   43.0406036      -3.52553296    
   43.0806046      -3.50579619    
   43.1206055      -3.48553038    
   43.1606064      -3.46479034    
   43.2006073      -3.44362807    
   43.2406082      -3.42210054    
   43.2806091      -3.40024757    
   43.3206100      -3.37812066    
   43.3606110      -3.35574818    
   43.4006119      -3.33318353    
   43.4406128      -3.31046319    
   43.4806137      -3.28761554    
   43.5206146      -3.26467896    
   43.5606155      -3.24168324    
   43.6006165      -3.21866226    
   43.6406174      -3.19564080    
   43.6806183      -3.17263651    
   43.7206192      -3.14967656    
   43.7606201      -3.12678599    
   43.8006210      -3.10398269    
   43.8406219      -3.08128262    
   43.8806229      -3.05870032    
   43.9206238      -3.03625417    
   43.9606247      -3.01395607    
   44.0006256      -2.99181175    
   44.0406265      -2.96984053    
   44.0806274      -2.94805074    
   44.1206284      -2.92644954    
   44.1606293      -2.90504384    
   44.2006302      -2.88383961    
   44.2406311      -2.86284161    
   44.2806320      -2.84205270    
   44.3206329      -2.82147884    
   44.3606339      -2.80112147    
   44.4006348      -2.78098178    
   44.4406357      -2.76106071    
   44.4806366      -2.74135852    
   44.5206375      -2.72187376    
   44.5606384      -2.70260692    
   44.6006393      -2.68355560    
   44.6406403      -2.66471696    
   44.6806412      -2.64608860    
   44.7206421      -2.62766576    
   44.7606430      -2.60944653    
   44.8006439      -2.59142590    
   44.8406448      -2.57359767    
   44.8806458      -2.55595732    
   44.9206467      -2.53850055    
   44.9606476      -2.52121878    
   45.0006485      -2.50410795    
   45.0406494      -2.48716187    
   45.0806503      -2.47037387    
   45.1206512      -2.45373845    
   45.1606522      -2.43724680    
   45.2006531      -2.42089272    
   45.2406540      -2.40466714    
   45.2806549      -2.38856530    
   45.3206558      -2.37257814    
   45.3606567      -2.35669923    
   45.4006577      -2.34092212    
   45.4406586      -2.32523894    
   45.4806595      -2.30964422    
   45.5206604      -2.29412818    
   45.5606613      -2.27868629    
   45.6006622      -2.26331067    
   45.6406631      -2.24799538    
   45.6806641      -2.23273420    
   45.7206650      -2.21752048    
   45.7606659      -2.20234942    
   45.8006668      -2.18721509    
   45.8406677      -2.17211246    
   45.8806686      -2.15703797    
   45.9206696      -2.14198613    
   45.9606705      -2.12695360    
   46.0006714      -2.11193681    
   46.0406723      -2.09693336    
   46.0806732      -2.08194041    
   46.1206741      -2.06695604    
   46.1606750      -2.05197954    
   46.2006760      -2.03700924    
   46.2406769      -2.02204537    
   46.2806778      -2.00708818    
   46.3206787      -1.99213922    
   46.3606796      -1.97719932    
   46.4006805      -1.96227157    
   46.4406815      -1.94735861    
   46.4806824      -1.93246472    
   46.5206833      -1.91759384    
   46.5606842      -1.90275156    
   46.6006851      -1.88794351    
   46.6406860      -1.87317777    
   46.6806870      -1.85846102    
   46.7206879      -1.84380162    
   46.7606888      -1.82920933    
   46.8006897      -1.81469357    
   46.8406906      -1.80026662    
   46.8806915      -1.78594017    
   46.9206924      -1.77172780    
   46.9606934      -1.75764346    
   47.0006943      -1.74370146    
   47.0406952      -1.72991896    
   47.0806961      -1.71631312    
   47.1206970      -1.70290184    
   47.1606979      -1.68970537    
   47.2006989      -1.67674339    
   47.2406998      -1.66403842    
   47.2807007      -1.65161359    
   47.3207016      -1.63949347    
   47.3607025      -1.62770307    
   47.4007034      -1.61626899    
   47.4407043      -1.60521996    
   47.4807053      -1.59458482    
   47.5207062      -1.58439505    
   47.5607071      -1.57468176    
   47.6007080      -1.56547868    
   47.6407089      -1.55682087    
   47.6807098      -1.54874325    
   47.7207108      -1.54128373    
   47.7607117      -1.53447962    
   47.8007126      -1.52837110    
   47.8407135      -1.52299750    
   47.8807144      -1.51840115    
   47.9207153      -1.51462352    
   47.9607162      -1.51170731    
   48.0007172      -1.50969660    
   48.0407181      -1.50863445    
   48.0807190      -1.50856602    
   48.1207199      -1.50953531    
   48.1607208      -1.51158702    
   48.2007217      -1.51476586    
   48.2407227      -1.51911509    
   48.2807236      -1.52467895    
   48.3207245      -1.53149998    
   48.3607254      -1.53962016    
   48.4007263      -1.54908085    
   48.4407272      -1.55992210    
   48.4807281      -1.57218230    
   48.5207291      -1.58589900    
   48.5607300      -1.60110843    
   48.6007309      -1.61784518    
   48.6407318      -1.63614249    
   48.6807327      -1.65603244    
   48.7207336      -1.67754567    
   48.7607346      -1.70071232    
   48.8007355      -1.72556090    
   48.8407364      -1.75212026    
   48.8807373      -1.78041875    
   48.9207382      -1.81048536    
   48.9607391      -1.84234941    
   49.0007401      -1.87604272    
   49.0407410      -1.91159832    
   49.0807419      -1.94905353    
   49.1207428      -1.98844874    
   49.1607437      -2.02983046    
   49.2007446      -2.07325172    
   49.2407455      -2.11877394    
   49.2807465      -2.16646767    
   49.3207474      -2.21641636    
   49.3607483      -2.26872039    
   49.4007492      -2.32349539    
   49.4407501      -2.38088083    
   49.4807510      -2.44104028    
   49.5207520      -2.50417352    
   49.5607529      -2.57051682    
   49.6007538      -2.64035869    
   49.6407547      -2.71405053    
   49.6807556      -2.79201770    
   49.7207565      -2.87479067    
   49.7607574      -2.96302867    
   49.8007584      -3.05757117    
   49.8407593      -3.15948844    
   49.8807602      -3.27018189    
   49.9207611      -3.39153552    
   49.9607620      -3.52613258    
   50.0007629      -3.67766166    
   50.0407639      -3.85164475    
   50.0807648      -4.05683470    
   50.1207657      -4.30839300    
   50.1607666      -4.63613939    
   50.2007675      -5.11281490    
   50.2407684      -6.02292585    
   50.2807693      -6.81260443    
   50.3207703      -5.39205599    
   50.3607712      -4.83565521    
   50.4007721      -4.48541641    
   50.4407730      -4.23014975    
   50.4807739      -4.02961016    
   50.5207748      -3.86462331    
   50.5607758      -3.72451234    
   50.6007767      -3.60272622    
   50.6407776      -3.49495196    
   50.6807785      -3.39822006    
   50.7207794      -3.31036520    
   50.7607803      -3.22977805    
   50.8007812      -3.15522599    
   50.8407822      -3.08574939    
   50.8807831      -3.02058721    
   50.9207840      -2.95911837    
   50.9607849      -2.90084147    
   51.0007858      -2.84534359    
   51.0407867      -2.79227424    
   51.0807877      -2.74133992    
   51.1207886      -2.69230080    
   51.1607895      -2.64494634    
   51.2007904      -2.59909511    
   51.2407913      -2.55459762    
   51.2807922      -2.51132321    
   51.3207932      -2.46916485    
   51.3607941      -2.42802286    
   51.4007950      -2.38782120    
   51.4407959      -2.34848928    
   51.4807968      -2.30997324    
   51.5207977      -2.27222419    
   51.5607986      -2.23520184    
   51.6007996      -2.19887352    
   51.6408005      -2.16321707    
   51.6808014      -2.12820959    
   51.7208023      -2.09383845    
   51.7608032      -2.06009293    
   51.8008041      -2.02696943    
   51.8408051      -1.99446654    
   51.8808060      -1.96258628    
   51.9208069      -1.93133414    
   51.9608078      -1.90071797    
   52.0008087      -1.87074816    
   52.0408096      -1.84143698    
   52.0808105      -1.81279993    
   52.1208115      -1.78485203    
   52.1608124      -1.75761163    
   52.2008133      -1.73109889    
   52.2408142      -1.70532882    
   52.2808151      -1.68032646    
   52.3208160      -1.65611374    
   52.3608170      -1.63271260    
   52.4008179      -1.61014247    
   52.4408188      -1.58842754    
   52.4808197      -1.56759262    
   52.5208206      -1.54765785    
   52.5608215      -1.52864492    
   52.6008224      -1.51057827    
   52.6408234      -1.49347949    
   52.6808243      -1.47736800    
   52.7208252      -1.46226478    
   52.7608261      -1.44818950    
   52.8008270      -1.43516040    
   52.8408279      -1.42319906    
   52.8808289      -1.41232216    
   52.9208298      -1.40254271    
   52.9608307      -1.39388192    
   53.0008316      -1.38635159    
   53.0408325      -1.37996864    
   53.0808334      -1.37474740    
   53.1208344      -1.37069821    
   53.1608353      -1.36783671    
   53.2008362      -1.36617529    
   53.2408371      -1.36572492    
   53.2808380      -1.36649871    
   53.3208389      -1.36850917    
   53.3608398      -1.37176716    
   53.4008408      -1.37628531    
   53.4408417      -1.38207662    
   53.4808426      -1.38915563    
   53.5208435      -1.39753819    
   53.5608444      -1.40723741    
   53.6008453      -1.41827345    
   53.6408463      -1.43066406    
   53.6808472      -1.44443047    
   53.7208481      -1.45959508    
   53.7608490      -1.47618413    
   53.8008499      -1.49422717    
   53.8408508      -1.51375592    
   53.8808517      -1.53480601    
   53.9208527      -1.55741715    
   53.9608536      -1.58163369    
   54.0008545      -1.60750949    
   54.0408554      -1.63509727    
   54.0808563      -1.66446471    
   54.1208572      -1.69568193    
   54.1608582      -1.72882891    
   54.2008591      -1.76399970    
   54.2408600      -1.80129576    
   54.2808609      -1.84083891    
   54.3208618      -1.88276207    
   54.3608627      -1.92721748    
   54.4008636      -1.97438705    
   54.4408646      -2.02447319    
   54.4808655      -2.07771492    
   54.5208664      -2.13439083    
   54.5608673      -2.19483232    
   54.6008682      -2.25943279    
   54.6408691      -2.32865787    
   54.6808701      -2.40309191    
   54.7208710      -2.48343515    
   54.7608719      -2.57057142    
   54.8008728      -2.66561961    
   54.8408737      -2.77004385    
   54.8808746      -2.88579416    
   54.9208755      -3.01553059    
   54.9608765      -3.16304183    
   55.0008774      -3.33401251    
   55.0408783      -3.53746176    
   55.0808792      -3.78908062    
   55.1208801      -4.11994743    
   55.1608810      -4.60710430    
   55.2008820      -5.56540012    
   55.2408829      -6.11642694    
   55.2808838      -4.81377029    
   55.3208847      -4.27584648    
   55.3608856      -3.93473911    
   55.4008865      -3.68626595    
   55.4408875      -3.49197125    
   55.4808884      -3.33331704    
   55.5208893      -3.19994783    
   55.5608902      -3.08547807    
   55.6008911      -2.98567963    
   55.6408920      -2.89762878    
   55.6808929      -2.81919003    
   55.7208939      -2.74878073    
   55.7608948      -2.68516922    
   55.8008957      -2.62740660    
   55.8408966      -2.57472539    
   55.8808975      -2.52650476    
   55.9208984      -2.48223615    
   55.9608994      -2.44148660    
   56.0009003      -2.40390420    
   56.0409012      -2.36917543    
   56.0809021      -2.33704281    
   56.1209030      -2.30727959    
   56.1609039      -2.27969027    
   56.2009048      -2.25410366    
   56.2409058      -2.23037457    
   56.2809067      -2.20836663    
   56.3209076      -2.18797159    
   56.3609085      -2.16908097    
   56.4009094      -2.15160990    
   56.4409103      -2.13547945    
   56.4809113      -2.12061810    
   56.5209122      -2.10696602    
   56.5609131      -2.09446549    
   56.6009140      -2.08307981    
   56.6409149      -2.07276154    
   56.6809158      -2.06347919    
   56.7209167      -2.05519795    
   56.7609177      -2.04790068    
   56.8009186      -2.04156709    
   56.8409195      -2.03618240    
   56.8809204      -2.03173542    
   56.9209213      -2.02822089    
   56.9609222      -2.02563286    
   57.0009232      -2.02397513    
   57.0409241      -2.02325010    
   57.0809250      -2.02346635    
   57.1209259      -2.02463222    
   57.1609268      -2.02676153    
   57.2009277      -2.02987504    
   57.2409286      -2.03398561    
   57.2809296      -2.03912020    
   57.3209305      -2.04530191    
   57.3609314      -2.05255771    
   57.4009323      -2.06091833    
   57.4409332      -2.07041478    
   57.4809341      -2.08107948    
   57.5209351      -2.09295630    
   57.5609360      -2.10607648    
   57.6009369      -2.12048697    
   57.6409378      -2.13623023    
   57.6809387      -2.15335417    
   57.7209396      -2.17190957    
   57.7609406      -2.19194651    
   57.8009415      -2.21352673    
   57.8409424      -2.23670292    
   57.8809433      -2.26154041    
   57.9209442      -2.28810501    
   57.9609451      -2.31646729    
   58.0009460      -2.34670353    
   58.0409470      -2.37889624    
   58.0809479      -2.41313910    
   58.1209488      -2.44952917    
   58.1609497      -2.48817730    
   58.2009506      -2.52919865    
   58.2409515      -2.57273054    
   58.2809525      -2.61893082    
   58.3209534      -2.66797400    
   58.3609543      -2.72004604    
   58.4009552      -2.77539253    
   58.4409561      -2.83428288    
   58.4809570      -2.89702368    
   58.5209579      -2.96400309    
   58.5609589      -3.03567338    
   58.6009598      -3.11261177    
   58.6409607      -3.19548941    
   58.6809616      -3.28518605    
   58.7209625      -3.38281465    
   58.7609634      -3.48984313    
   58.8009644      -3.60818315    
   58.8409653      -3.74054146    
   58.8809662      -3.89072323    
   58.9209671      -4.06451130    
   58.9609680      -4.27105522    
   59.0009689      -4.52649927    
   59.0409698      -4.86295414    
   59.0809708      -5.36116886    
   59.1209717      -6.36407375    
   59.1609726      -6.73244476    
   59.2009735      -5.50968218    
   59.2409744      -4.98423719    
   59.2809753      -4.64736700    
   59.3209763      -4.40025043    
   59.3609772      -4.20580435    
   59.4009781      -4.04591322    
   59.4409790      -3.91047549    
   59.4809799      -3.79322147    
   59.5209808      -3.68992519    
   59.5609818      -3.59773397    
   59.6009827      -3.51448178    
   59.6409836      -3.43861079    
   59.6809845      -3.36889553    
   59.7209854      -3.30437422    
   59.7609863      -3.24425387    
   59.8009872      -3.18793678    
   59.8409882      -3.13486409    
   59.8809891      -3.08463335    
   59.9209900      -3.03684545    
   59.9609909      -2.99121833    
   60.0009918      -2.94747329    
